#----------------------------------------------------------------------
# Data file: flightsLARGE.dat
#----------------------------------------------------------------------

param nFlights := 201;
set NODES := 
START
1
2
3
4
5
6
7
8
9
10
11
12
13
14
15
16
17
18
19
20
21
22
23
24
25
26
27
28
29
30
31
32
33
34
35
36
37
38
39
40
41
42
43
44
45
46
47
48
49
50
51
52
53
54
55
56
57
58
59
60
61
62
63
64
65
66
67
68
69
70
71
72
73
74
75
76
77
78
79
80
81
82
83
84
85
86
87
88
89
90
91
92
93
94
95
96
97
98
99
100
101
102
103
104
105
106
107
108
109
110
111
112
113
114
115
116
117
118
119
120
121
122
123
124
125
126
127
128
129
130
131
132
133
134
135
136
137
138
139
140
141
142
143
144
145
146
147
148
149
150
151
152
153
154
155
156
157
158
159
160
161
162
163
164
165
166
167
168
169
170
171
172
173
174
175
176
177
178
179
180
181
182
183
184
185
186
187
188
189
190
191
192
193
194
195
196
197
198
199
200
201
1+2
5+6
9+10
12+13
15+16
20+170
21+22
50+78
51+54
51+56
51+107
51+169
53+80
59+62
59+98
59+191
74+95
76+97
76+106
83+15
83+99
83+171
85+137
88+104
88+197
91+104
96+143
104+123
104+149
104+166
105+167
106+168
131+142
132+115
133+145
133+163
135+146
136+147
137+148
138+149
138+166
139+124
139+150
140+151
141+168
142+140
143+135
143+141
144+138
145+139
146+51
148+182
151+181
152+135
152+141
153+161
155+144
156+145
156+163
157+165
158+123
158+149
158+166
159+124
159+150
160+152
161+158
162+157
163+159
163+186
167+186
170+172
171+16
176+177
182+153
182+155
184+136
187+114
187+188
189+190
END;

set ARCS := 
(START,1)
(START,4)
(START,7)
(START,8)
(START,9)
(START,11)
(START,12)
(START,15)
(START,35)
(START,36)
(START,38)
(START,40)
(START,42)
(START,43)
(START,45)
(START,47)
(START,49)
(START,52)
(START,54)
(START,56)
(START,58)
(START,60)
(START,61)
(START,62)
(START,64)
(START,93)
(START,94)
(START,95)
(START,96)
(START,97)
(START,98)
(START,99)
(START,100)
(START,101)
(START,102)
(START,103)
(START,104)
(START,105)
(START,106)
(START,107)
(START,108)
(START,109)
(START,110)
(START,111)
(START,169)
(START,170)
(START,171)
(START,173)
(START,174)
(START,183)
(START,185)
(START,187)
(START,189)
(START,191)
(START,196)
(START,197)
(START,200)
(START,1+2)
(START,9+10)
(START,12+13)
(START,15+16)
(START,96+143)
(START,104+123)
(START,104+149)
(START,104+166)
(START,105+167)
(START,106+168)
(START,170+172)
(START,171+16)
(START,187+114)
(START,187+188)
(START,189+190)
(1,10)
(1,13)
(1,16)
(1,20)
(1,26)
(1,31)
(1,34)
(1,172)
(1,177)
(1,178)
(1,20+170)
(2,3)
(2,14)
(2,17)
(2,19)
(2,21)
(2,24)
(2,25)
(2,27)
(2,28)
(2,30)
(2,33)
(2,198)
(2,201)
(2,21+22)
(3,29)
(4,5)
(4,23)
(4,5+6)
(5,180)
(6,24)
(6,28)
(7,3)
(7,14)
(7,17)
(7,19)
(7,24)
(7,25)
(7,27)
(7,28)
(7,30)
(7,33)
(7,198)
(7,201)
(8,3)
(8,14)
(8,17)
(8,19)
(8,24)
(8,27)
(8,28)
(8,30)
(8,33)
(8,198)
(8,201)
(9,13)
(9,16)
(9,26)
(9,31)
(9,34)
(9,177)
(9,178)
(10,3)
(10,14)
(10,17)
(10,19)
(10,24)
(10,28)
(10,30)
(10,33)
(10,201)
(11,3)
(11,17)
(11,19)
(11,24)
(11,28)
(11,30)
(11,33)
(11,201)
(12,16)
(12,26)
(12,31)
(12,34)
(12,177)
(12,178)
(13,3)
(13,17)
(13,19)
(13,24)
(13,28)
(13,30)
(13,33)
(13,201)
(14,18)
(14,29)
(14,32)
(15,26)
(15,34)
(15,177)
(15,178)
(16,3)
(16,19)
(16,24)
(16,28)
(16,33)
(16,201)
(17,18)
(17,29)
(18,24)
(18,28)
(19,26)
(19,177)
(19,178)
(20,8)
(20,9)
(20,11)
(20,12)
(20,15)
(20,45)
(20,47)
(20,49)
(20,52)
(20,54)
(20,56)
(20,58)
(20,60)
(20,61)
(20,62)
(20,64)
(20,95)
(20,96)
(20,97)
(20,98)
(20,99)
(20,101)
(20,104)
(20,105)
(20,106)
(20,107)
(20,108)
(20,109)
(20,110)
(20,111)
(20,169)
(20,171)
(20,173)
(20,174)
(20,185)
(20,187)
(20,189)
(20,191)
(20,196)
(20,197)
(20,200)
(20,9+10)
(20,12+13)
(20,15+16)
(20,96+143)
(20,104+123)
(20,104+149)
(20,104+166)
(20,105+167)
(20,106+168)
(20,171+16)
(20,187+114)
(20,187+188)
(20,189+190)
(21,6)
(21,180)
(22,5)
(22,23)
(22,5+6)
(23,187)
(23,189)
(23,187+114)
(23,187+188)
(23,189+190)
(24,189)
(24,189+190)
(25,13)
(25,16)
(25,26)
(25,31)
(25,34)
(25,177)
(25,178)
(26,189)
(26,189+190)
(27,15)
(27,60)
(27,61)
(27,62)
(27,64)
(27,98)
(27,99)
(27,104)
(27,105)
(27,108)
(27,171)
(27,187)
(27,189)
(27,191)
(27,197)
(27,15+16)
(27,104+123)
(27,104+149)
(27,104+166)
(27,105+167)
(27,171+16)
(27,187+114)
(27,187+188)
(27,189+190)
(29,28)
(30,26)
(30,34)
(30,177)
(30,178)
(31,105)
(31,108)
(31,187)
(31,189)
(31,105+167)
(31,187+114)
(31,187+188)
(31,189+190)
(32,19)
(32,24)
(32,28)
(33,26)
(33,177)
(33,178)
(34,108)
(34,187)
(34,189)
(34,187+114)
(34,187+188)
(34,189+190)
(35,65)
(35,86)
(35,92)
(36,37)
(36,50)
(36,67)
(36,70)
(36,75)
(36,79)
(36,80)
(36,87)
(36,50+78)
(37,66)
(37,73)
(37,78)
(37,82)
(38,39)
(38,44)
(38,48)
(38,55)
(38,57)
(38,63)
(38,69)
(38,74)
(38,83)
(38,85)
(38,91)
(38,123)
(38,124)
(38,125)
(38,126)
(38,149)
(38,150)
(38,151)
(38,152)
(38,166)
(38,167)
(38,168)
(38,192)
(38,194)
(38,195)
(38,74+95)
(38,83+15)
(38,83+99)
(38,83+171)
(38,85+137)
(38,91+104)
(38,151+181)
(38,152+135)
(38,152+141)
(38,167+186)
(39,72)
(40,41)
(40,46)
(40,53)
(40,71)
(40,81)
(40,53+80)
(41,79)
(42,68)
(42,72)
(42,84)
(42,89)
(42,193)
(43,39)
(43,48)
(43,55)
(43,57)
(43,63)
(43,74)
(43,83)
(43,85)
(43,91)
(43,123)
(43,124)
(43,125)
(43,126)
(43,149)
(43,150)
(43,151)
(43,152)
(43,166)
(43,167)
(43,168)
(43,192)
(43,194)
(43,195)
(43,74+95)
(43,83+15)
(43,83+99)
(43,83+171)
(43,85+137)
(43,91+104)
(43,151+181)
(43,152+135)
(43,152+141)
(43,167+186)
(44,66)
(44,78)
(44,82)
(45,41)
(45,53)
(45,71)
(45,81)
(45,53+80)
(46,50)
(46,67)
(46,79)
(46,80)
(46,87)
(46,50+78)
(47,39)
(47,55)
(47,57)
(47,63)
(47,83)
(47,85)
(47,91)
(47,123)
(47,124)
(47,125)
(47,126)
(47,149)
(47,150)
(47,151)
(47,152)
(47,166)
(47,167)
(47,168)
(47,192)
(47,194)
(47,83+15)
(47,83+99)
(47,83+171)
(47,85+137)
(47,91+104)
(47,151+181)
(47,152+135)
(47,152+141)
(47,167+186)
(48,77)
(48,90)
(49,67)
(49,79)
(49,80)
(49,87)
(50,66)
(50,82)
(51,15)
(51,60)
(51,61)
(51,62)
(51,64)
(51,98)
(51,99)
(51,104)
(51,105)
(51,108)
(51,171)
(51,187)
(51,189)
(51,191)
(51,197)
(51,15+16)
(51,104+123)
(51,104+149)
(51,104+166)
(51,105+167)
(51,171+16)
(51,187+114)
(51,187+188)
(51,189+190)
(52,41)
(52,71)
(53,67)
(53,79)
(53,87)
(54,39)
(54,63)
(54,83)
(54,85)
(54,91)
(54,123)
(54,124)
(54,125)
(54,126)
(54,149)
(54,150)
(54,151)
(54,166)
(54,167)
(54,192)
(54,194)
(54,83+15)
(54,83+99)
(54,83+171)
(54,85+137)
(54,91+104)
(54,151+181)
(54,167+186)
(55,66)
(56,39)
(56,63)
(56,83)
(56,85)
(56,91)
(56,123)
(56,124)
(56,125)
(56,126)
(56,149)
(56,150)
(56,151)
(56,166)
(56,167)
(56,192)
(56,194)
(56,83+15)
(56,83+99)
(56,83+171)
(56,85+137)
(56,91+104)
(56,151+181)
(56,167+186)
(57,68)
(57,72)
(57,89)
(58,65)
(58,86)
(58,92)
(59,104)
(59,105)
(59,108)
(59,187)
(59,189)
(59,197)
(59,104+123)
(59,104+149)
(59,104+166)
(59,105+167)
(59,187+114)
(59,187+188)
(59,189+190)
(60,67)
(60,79)
(61,68)
(61,72)
(62,39)
(62,91)
(62,123)
(62,124)
(62,125)
(62,126)
(62,149)
(62,150)
(62,151)
(62,166)
(62,167)
(62,192)
(62,194)
(62,91+104)
(62,151+181)
(62,167+186)
(63,77)
(64,65)
(64,86)
(65,108)
(65,187)
(65,189)
(65,187+114)
(65,187+188)
(65,189+190)
(66,79)
(67,187)
(67,189)
(67,187+114)
(67,187+188)
(67,189+190)
(68,125)
(68,126)
(68,192)
(68,194)
(69,51)
(69,59)
(69,76)
(69,88)
(69,131)
(69,132)
(69,133)
(69,134)
(69,135)
(69,136)
(69,137)
(69,138)
(69,139)
(69,140)
(69,141)
(69,181)
(69,182)
(69,51+54)
(69,51+56)
(69,51+107)
(69,51+169)
(69,59+62)
(69,59+98)
(69,59+191)
(69,76+97)
(69,76+106)
(69,88+104)
(69,88+197)
(69,131+142)
(69,132+115)
(69,133+145)
(69,133+163)
(69,135+146)
(69,136+147)
(69,137+148)
(69,138+149)
(69,138+166)
(69,139+124)
(69,139+150)
(69,140+151)
(69,141+168)
(69,182+153)
(69,182+155)
(70,41)
(70,46)
(70,53)
(70,71)
(70,81)
(70,53+80)
(71,189)
(71,189+190)
(72,189)
(72,189+190)
(73,39)
(73,55)
(73,57)
(73,63)
(73,83)
(73,85)
(73,91)
(73,123)
(73,124)
(73,125)
(73,126)
(73,149)
(73,150)
(73,151)
(73,152)
(73,166)
(73,167)
(73,168)
(73,192)
(73,194)
(73,83+15)
(73,83+99)
(73,83+171)
(73,85+137)
(73,91+104)
(73,151+181)
(73,152+135)
(73,152+141)
(73,167+186)
(74,9)
(74,11)
(74,12)
(74,15)
(74,49)
(74,52)
(74,54)
(74,56)
(74,58)
(74,60)
(74,61)
(74,62)
(74,64)
(74,96)
(74,97)
(74,98)
(74,99)
(74,104)
(74,105)
(74,106)
(74,107)
(74,108)
(74,109)
(74,110)
(74,169)
(74,171)
(74,174)
(74,187)
(74,189)
(74,191)
(74,197)
(74,200)
(74,9+10)
(74,12+13)
(74,15+16)
(74,96+143)
(74,104+123)
(74,104+149)
(74,104+166)
(74,105+167)
(74,106+168)
(74,171+16)
(74,187+114)
(74,187+188)
(74,189+190)
(75,51)
(75,59)
(75,88)
(75,131)
(75,132)
(75,133)
(75,134)
(75,136)
(75,137)
(75,138)
(75,139)
(75,140)
(75,181)
(75,182)
(75,51+54)
(75,51+56)
(75,51+107)
(75,51+169)
(75,59+62)
(75,59+98)
(75,59+191)
(75,88+104)
(75,88+197)
(75,131+142)
(75,132+115)
(75,133+145)
(75,133+163)
(75,136+147)
(75,137+148)
(75,138+149)
(75,138+166)
(75,139+124)
(75,139+150)
(75,140+151)
(75,182+153)
(75,182+155)
(76,11)
(76,12)
(76,15)
(76,52)
(76,54)
(76,56)
(76,58)
(76,60)
(76,61)
(76,62)
(76,64)
(76,98)
(76,99)
(76,104)
(76,105)
(76,107)
(76,108)
(76,169)
(76,171)
(76,174)
(76,187)
(76,189)
(76,191)
(76,197)
(76,12+13)
(76,15+16)
(76,104+123)
(76,104+149)
(76,104+166)
(76,105+167)
(76,171+16)
(76,187+114)
(76,187+188)
(76,189+190)
(77,189)
(77,189+190)
(78,67)
(78,79)
(78,80)
(78,87)
(80,41)
(80,71)
(81,104)
(81,105)
(81,108)
(81,187)
(81,189)
(81,197)
(81,104+123)
(81,104+149)
(81,104+166)
(81,105+167)
(81,187+114)
(81,187+188)
(81,189+190)
(82,39)
(82,91)
(82,123)
(82,124)
(82,125)
(82,126)
(82,149)
(82,150)
(82,151)
(82,166)
(82,167)
(82,192)
(82,194)
(82,91+104)
(82,151+181)
(82,167+186)
(83,104)
(83,105)
(83,108)
(83,187)
(83,189)
(83,197)
(83,104+123)
(83,104+149)
(83,104+166)
(83,105+167)
(83,187+114)
(83,187+188)
(83,189+190)
(84,39)
(84,91)
(84,123)
(84,124)
(84,125)
(84,126)
(84,149)
(84,150)
(84,151)
(84,166)
(84,167)
(84,192)
(84,194)
(84,91+104)
(84,151+181)
(84,167+186)
(85,88)
(85,131)
(85,132)
(85,133)
(85,134)
(85,138)
(85,139)
(85,140)
(85,181)
(85,88+104)
(85,88+197)
(85,131+142)
(85,132+115)
(85,133+145)
(85,133+163)
(85,138+149)
(85,138+166)
(85,139+124)
(85,139+150)
(85,140+151)
(87,131)
(87,132)
(87,133)
(87,134)
(87,139)
(87,140)
(87,181)
(87,131+142)
(87,132+115)
(87,133+145)
(87,133+163)
(87,139+124)
(87,139+150)
(87,140+151)
(88,105)
(88,108)
(88,187)
(88,189)
(88,105+167)
(88,187+114)
(88,187+188)
(88,189+190)
(89,105)
(89,108)
(89,187)
(89,189)
(89,105+167)
(89,187+114)
(89,187+188)
(89,189+190)
(90,39)
(90,124)
(90,125)
(90,126)
(90,150)
(90,151)
(90,167)
(90,192)
(90,194)
(90,151+181)
(90,167+186)
(91,105)
(91,108)
(91,187)
(91,189)
(91,105+167)
(91,187+114)
(91,187+188)
(91,189+190)
(92,105)
(92,108)
(92,187)
(92,189)
(92,105+167)
(92,187+114)
(92,187+188)
(92,189+190)
(93,112)
(93,113)
(93,114)
(93,115)
(93,116)
(93,117)
(93,118)
(93,142)
(93,143)
(93,161)
(93,162)
(93,188)
(93,190)
(93,142+140)
(93,143+135)
(93,143+141)
(93,161+158)
(93,162+157)
(94,112)
(94,113)
(94,114)
(94,115)
(94,116)
(94,117)
(94,118)
(94,142)
(94,143)
(94,161)
(94,162)
(94,188)
(94,190)
(94,142+140)
(94,143+135)
(94,143+141)
(94,161+158)
(94,162+157)
(95,112)
(95,113)
(95,114)
(95,115)
(95,116)
(95,117)
(95,118)
(95,142)
(95,143)
(95,161)
(95,188)
(95,190)
(95,142+140)
(95,143+135)
(95,143+141)
(95,161+158)
(96,112)
(96,113)
(96,114)
(96,115)
(96,116)
(96,117)
(96,118)
(96,142)
(96,161)
(96,188)
(96,190)
(96,142+140)
(96,161+158)
(97,112)
(97,113)
(97,114)
(97,115)
(97,116)
(97,117)
(97,118)
(97,142)
(97,161)
(97,188)
(97,190)
(97,142+140)
(97,161+158)
(98,112)
(98,113)
(98,114)
(98,115)
(98,116)
(98,117)
(98,118)
(98,142)
(98,161)
(98,188)
(98,190)
(98,142+140)
(98,161+158)
(99,112)
(99,113)
(99,114)
(99,115)
(99,116)
(99,117)
(99,118)
(99,142)
(99,161)
(99,188)
(99,190)
(99,142+140)
(99,161+158)
(100,119)
(100,120)
(100,121)
(100,122)
(100,144)
(100,145)
(100,146)
(100,147)
(100,148)
(100,163)
(100,164)
(100,165)
(100,144+138)
(100,145+139)
(100,146+51)
(100,148+182)
(100,163+159)
(100,163+186)
(101,119)
(101,120)
(101,121)
(101,122)
(101,144)
(101,145)
(101,146)
(101,147)
(101,148)
(101,163)
(101,144+138)
(101,145+139)
(101,146+51)
(101,148+182)
(101,163+159)
(101,163+186)
(102,119)
(102,120)
(102,121)
(102,122)
(102,144)
(102,145)
(102,146)
(102,147)
(102,148)
(102,163)
(102,164)
(102,165)
(102,144+138)
(102,145+139)
(102,146+51)
(102,148+182)
(102,163+159)
(102,163+186)
(103,119)
(103,120)
(103,121)
(103,122)
(103,144)
(103,145)
(103,146)
(103,147)
(103,148)
(103,163)
(103,165)
(103,144+138)
(103,145+139)
(103,146+51)
(103,148+182)
(103,163+159)
(103,163+186)
(104,39)
(104,124)
(104,125)
(104,126)
(104,150)
(104,151)
(104,167)
(104,192)
(104,194)
(104,151+181)
(104,167+186)
(105,125)
(105,126)
(105,151)
(105,192)
(105,194)
(105,151+181)
(106,39)
(106,55)
(106,57)
(106,63)
(106,83)
(106,85)
(106,91)
(106,123)
(106,124)
(106,125)
(106,126)
(106,149)
(106,150)
(106,151)
(106,166)
(106,167)
(106,192)
(106,194)
(106,83+15)
(106,83+99)
(106,83+171)
(106,85+137)
(106,91+104)
(106,151+181)
(106,167+186)
(107,39)
(107,63)
(107,83)
(107,85)
(107,91)
(107,123)
(107,124)
(107,125)
(107,126)
(107,149)
(107,150)
(107,151)
(107,166)
(107,167)
(107,192)
(107,194)
(107,83+15)
(107,83+99)
(107,83+171)
(107,85+137)
(107,91+104)
(107,151+181)
(107,167+186)
(108,128)
(109,127)
(109,128)
(110,129)
(111,130)
(112,108)
(112,187)
(112,189)
(112,187+114)
(112,187+188)
(112,189+190)
(113,189)
(113,189+190)
(114,189)
(114,189+190)
(115,189)
(115,189+190)
(119,108)
(119,187)
(119,189)
(119,187+114)
(119,187+188)
(119,189+190)
(120,189)
(120,189+190)
(121,108)
(121,187)
(121,189)
(121,187+114)
(121,187+188)
(121,189+190)
(122,187)
(122,189)
(122,187+114)
(122,187+188)
(122,189+190)
(123,108)
(123,187)
(123,189)
(123,187+114)
(123,187+188)
(123,189+190)
(124,108)
(124,187)
(124,189)
(124,187+114)
(124,187+188)
(124,189+190)
(127,189)
(127,189+190)
(130,189)
(130,189+190)
(131,114)
(131,115)
(131,116)
(131,117)
(131,118)
(131,188)
(131,190)
(132,117)
(132,118)
(132,190)
(133,120)
(133,122)
(134,120)
(135,119)
(135,120)
(135,121)
(135,122)
(135,144)
(135,145)
(135,147)
(135,148)
(135,163)
(135,144+138)
(135,145+139)
(135,148+182)
(135,163+159)
(135,163+186)
(136,119)
(136,120)
(136,121)
(136,122)
(136,144)
(136,145)
(136,148)
(136,163)
(136,144+138)
(136,145+139)
(136,148+182)
(136,163+159)
(136,163+186)
(137,119)
(137,120)
(137,121)
(137,122)
(137,144)
(137,145)
(137,163)
(137,144+138)
(137,145+139)
(137,163+159)
(137,163+186)
(138,39)
(138,124)
(138,125)
(138,126)
(138,150)
(138,151)
(138,167)
(138,192)
(138,194)
(138,151+181)
(138,167+186)
(139,125)
(139,126)
(139,151)
(139,192)
(139,194)
(139,151+181)
(140,125)
(140,126)
(140,192)
(140,194)
(141,39)
(141,55)
(141,57)
(141,63)
(141,83)
(141,85)
(141,91)
(141,123)
(141,124)
(141,125)
(141,126)
(141,149)
(141,150)
(141,151)
(141,166)
(141,167)
(141,192)
(141,194)
(141,83+15)
(141,83+99)
(141,83+171)
(141,85+137)
(141,91+104)
(141,151+181)
(141,167+186)
(142,132)
(142,132+115)
(143,59)
(143,88)
(143,131)
(143,132)
(143,133)
(143,134)
(143,136)
(143,137)
(143,138)
(143,139)
(143,140)
(143,181)
(143,182)
(143,59+62)
(143,59+98)
(143,59+191)
(143,88+104)
(143,88+197)
(143,131+142)
(143,132+115)
(143,133+145)
(143,133+163)
(143,136+147)
(143,137+148)
(143,138+149)
(143,138+166)
(143,139+124)
(143,139+150)
(143,140+151)
(143,182+153)
(143,182+155)
(144,131)
(144,132)
(144,134)
(144,139)
(144,140)
(144,181)
(144,131+142)
(144,132+115)
(144,139+124)
(144,139+150)
(144,140+151)
(145,131)
(145,132)
(145,134)
(145,140)
(145,181)
(145,131+142)
(145,132+115)
(145,140+151)
(146,59)
(146,88)
(146,131)
(146,132)
(146,133)
(146,134)
(146,137)
(146,138)
(146,139)
(146,140)
(146,181)
(146,182)
(146,59+62)
(146,59+98)
(146,59+191)
(146,88+104)
(146,88+197)
(146,131+142)
(146,132+115)
(146,133+145)
(146,133+163)
(146,137+148)
(146,138+149)
(146,138+166)
(146,139+124)
(146,139+150)
(146,140+151)
(146,182+153)
(146,182+155)
(147,88)
(147,131)
(147,132)
(147,133)
(147,134)
(147,137)
(147,138)
(147,139)
(147,140)
(147,181)
(147,182)
(147,88+104)
(147,88+197)
(147,131+142)
(147,132+115)
(147,133+145)
(147,133+163)
(147,137+148)
(147,138+149)
(147,138+166)
(147,139+124)
(147,139+150)
(147,140+151)
(147,182+153)
(147,182+155)
(148,131)
(148,132)
(148,133)
(148,134)
(148,138)
(148,139)
(148,140)
(148,181)
(148,131+142)
(148,132+115)
(148,133+145)
(148,133+163)
(148,138+149)
(148,138+166)
(148,139+124)
(148,139+150)
(148,140+151)
(149,131)
(149,132)
(149,134)
(149,140)
(149,181)
(149,131+142)
(149,132+115)
(149,140+151)
(150,132)
(150,181)
(150,132+115)
(151,132)
(151,132+115)
(152,59)
(152,88)
(152,131)
(152,132)
(152,133)
(152,134)
(152,136)
(152,137)
(152,138)
(152,139)
(152,140)
(152,181)
(152,182)
(152,59+62)
(152,59+98)
(152,59+191)
(152,88+104)
(152,88+197)
(152,131+142)
(152,132+115)
(152,133+145)
(152,133+163)
(152,136+147)
(152,137+148)
(152,138+149)
(152,138+166)
(152,139+124)
(152,139+150)
(152,140+151)
(152,182+153)
(152,182+155)
(153,112)
(153,113)
(153,114)
(153,115)
(153,116)
(153,117)
(153,118)
(153,142)
(153,188)
(153,190)
(153,142+140)
(154,115)
(154,116)
(154,117)
(154,118)
(154,190)
(155,120)
(155,121)
(155,122)
(155,145)
(155,163)
(155,145+139)
(155,163+159)
(155,163+186)
(156,120)
(156,122)
(157,119)
(157,120)
(157,121)
(157,122)
(157,144)
(157,145)
(157,146)
(157,147)
(157,148)
(157,163)
(157,144+138)
(157,145+139)
(157,146+51)
(157,148+182)
(157,163+159)
(157,163+186)
(158,39)
(158,124)
(158,125)
(158,126)
(158,150)
(158,151)
(158,167)
(158,192)
(158,194)
(158,151+181)
(158,167+186)
(159,125)
(159,126)
(159,151)
(159,192)
(159,194)
(159,151+181)
(160,39)
(160,55)
(160,57)
(160,63)
(160,83)
(160,85)
(160,91)
(160,123)
(160,124)
(160,125)
(160,126)
(160,149)
(160,150)
(160,151)
(160,166)
(160,167)
(160,192)
(160,194)
(160,83+15)
(160,83+99)
(160,83+171)
(160,85+137)
(160,91+104)
(160,151+181)
(160,167+186)
(161,154)
(161,159)
(161,186)
(161,159+124)
(161,159+150)
(162,153)
(162,154)
(162,155)
(162,156)
(162,158)
(162,159)
(162,184)
(162,186)
(162,153+161)
(162,155+144)
(162,156+145)
(162,156+163)
(162,158+123)
(162,158+149)
(162,158+166)
(162,159+124)
(162,159+150)
(162,184+136)
(163,154)
(164,153)
(164,154)
(164,155)
(164,156)
(164,157)
(164,158)
(164,159)
(164,160)
(164,184)
(164,186)
(164,153+161)
(164,155+144)
(164,156+145)
(164,156+163)
(164,157+165)
(164,158+123)
(164,158+149)
(164,158+166)
(164,159+124)
(164,159+150)
(164,160+152)
(164,184+136)
(165,153)
(165,154)
(165,155)
(165,156)
(165,158)
(165,159)
(165,184)
(165,186)
(165,153+161)
(165,155+144)
(165,156+145)
(165,156+163)
(165,158+123)
(165,158+149)
(165,158+166)
(165,159+124)
(165,159+150)
(165,184+136)
(166,154)
(166,186)
(167,154)
(168,153)
(168,154)
(168,155)
(168,156)
(168,158)
(168,159)
(168,186)
(168,153+161)
(168,155+144)
(168,156+145)
(168,156+163)
(168,158+123)
(168,158+149)
(168,158+166)
(168,159+124)
(168,159+150)
(169,175)
(170,10)
(170,13)
(170,16)
(170,26)
(170,31)
(170,34)
(170,177)
(170,178)
(171,26)
(171,34)
(171,177)
(171,178)
(172,176)
(172,179)
(172,199)
(172,176+177)
(173,176)
(173,179)
(173,199)
(173,176+177)
(174,6)
(174,180)
(176,178)
(177,189)
(177,189+190)
(179,189)
(179,189+190)
(181,189)
(181,189+190)
(182,154)
(182,156)
(182,159)
(182,186)
(182,156+145)
(182,156+163)
(182,159+124)
(182,159+150)
(183,153)
(183,154)
(183,155)
(183,156)
(183,157)
(183,158)
(183,159)
(183,160)
(183,184)
(183,186)
(183,153+161)
(183,155+144)
(183,156+145)
(183,156+163)
(183,157+165)
(183,158+123)
(183,158+149)
(183,158+166)
(183,159+124)
(183,159+150)
(183,160+152)
(183,184+136)
(184,59)
(184,88)
(184,131)
(184,132)
(184,133)
(184,134)
(184,137)
(184,138)
(184,139)
(184,140)
(184,181)
(184,182)
(184,59+62)
(184,59+98)
(184,59+191)
(184,88+104)
(184,88+197)
(184,131+142)
(184,132+115)
(184,133+145)
(184,133+163)
(184,137+148)
(184,138+149)
(184,138+166)
(184,139+124)
(184,139+150)
(184,140+151)
(184,182+153)
(184,182+155)
(185,51)
(185,59)
(185,88)
(185,131)
(185,132)
(185,133)
(185,134)
(185,135)
(185,136)
(185,137)
(185,138)
(185,139)
(185,140)
(185,141)
(185,181)
(185,182)
(185,51+54)
(185,51+56)
(185,51+107)
(185,51+169)
(185,59+62)
(185,59+98)
(185,59+191)
(185,88+104)
(185,88+197)
(185,131+142)
(185,132+115)
(185,133+145)
(185,133+163)
(185,135+146)
(185,136+147)
(185,137+148)
(185,138+149)
(185,138+166)
(185,139+124)
(185,139+150)
(185,140+151)
(185,141+168)
(185,182+153)
(185,182+155)
(186,108)
(186,187)
(186,189)
(186,187+114)
(186,187+188)
(186,189+190)
(187,115)
(187,116)
(187,117)
(187,118)
(187,190)
(188,189)
(188,189+190)
(189,117)
(189,118)
(191,39)
(191,91)
(191,123)
(191,124)
(191,125)
(191,126)
(191,149)
(191,150)
(191,151)
(191,166)
(191,167)
(191,192)
(191,194)
(191,91+104)
(191,151+181)
(191,167+186)
(193,39)
(193,55)
(193,57)
(193,63)
(193,83)
(193,85)
(193,91)
(193,123)
(193,124)
(193,125)
(193,126)
(193,149)
(193,150)
(193,151)
(193,166)
(193,167)
(193,192)
(193,194)
(193,83+15)
(193,83+99)
(193,83+171)
(193,85+137)
(193,91+104)
(193,151+181)
(193,167+186)
(195,68)
(195,72)
(195,84)
(195,89)
(196,39)
(196,55)
(196,57)
(196,63)
(196,83)
(196,85)
(196,91)
(196,123)
(196,124)
(196,125)
(196,126)
(196,149)
(196,150)
(196,151)
(196,152)
(196,166)
(196,167)
(196,168)
(196,192)
(196,194)
(196,83+15)
(196,83+99)
(196,83+171)
(196,85+137)
(196,91+104)
(196,151+181)
(196,152+135)
(196,152+141)
(196,167+186)
(197,19)
(197,24)
(197,28)
(198,176)
(198,179)
(198,199)
(198,176+177)
(200,3)
(200,14)
(200,17)
(200,19)
(200,24)
(200,28)
(200,30)
(200,33)
(200,201)
(201,108)
(201,187)
(201,189)
(201,187+114)
(201,187+188)
(201,189+190)
(1+2,3)
(1+2,14)
(1+2,17)
(1+2,19)
(1+2,21)
(1+2,24)
(1+2,25)
(1+2,27)
(1+2,28)
(1+2,30)
(1+2,33)
(1+2,198)
(1+2,201)
(1+2,21+22)
(5+6,24)
(5+6,28)
(9+10,3)
(9+10,14)
(9+10,17)
(9+10,19)
(9+10,24)
(9+10,28)
(9+10,30)
(9+10,33)
(9+10,201)
(12+13,3)
(12+13,17)
(12+13,19)
(12+13,24)
(12+13,28)
(12+13,30)
(12+13,33)
(12+13,201)
(15+16,3)
(15+16,19)
(15+16,24)
(15+16,28)
(15+16,33)
(15+16,201)
(20+170,10)
(20+170,13)
(20+170,16)
(20+170,26)
(20+170,31)
(20+170,34)
(20+170,177)
(20+170,178)
(21+22,5)
(21+22,23)
(21+22,5+6)
(50+78,67)
(50+78,79)
(50+78,80)
(50+78,87)
(51+54,39)
(51+54,63)
(51+54,83)
(51+54,85)
(51+54,91)
(51+54,123)
(51+54,124)
(51+54,125)
(51+54,126)
(51+54,149)
(51+54,150)
(51+54,151)
(51+54,166)
(51+54,167)
(51+54,192)
(51+54,194)
(51+54,83+15)
(51+54,83+99)
(51+54,83+171)
(51+54,85+137)
(51+54,91+104)
(51+54,151+181)
(51+54,167+186)
(51+56,39)
(51+56,63)
(51+56,83)
(51+56,85)
(51+56,91)
(51+56,123)
(51+56,124)
(51+56,125)
(51+56,126)
(51+56,149)
(51+56,150)
(51+56,151)
(51+56,166)
(51+56,167)
(51+56,192)
(51+56,194)
(51+56,83+15)
(51+56,83+99)
(51+56,83+171)
(51+56,85+137)
(51+56,91+104)
(51+56,151+181)
(51+56,167+186)
(51+107,39)
(51+107,63)
(51+107,83)
(51+107,85)
(51+107,91)
(51+107,123)
(51+107,124)
(51+107,125)
(51+107,126)
(51+107,149)
(51+107,150)
(51+107,151)
(51+107,166)
(51+107,167)
(51+107,192)
(51+107,194)
(51+107,83+15)
(51+107,83+99)
(51+107,83+171)
(51+107,85+137)
(51+107,91+104)
(51+107,151+181)
(51+107,167+186)
(51+169,175)
(53+80,41)
(53+80,71)
(59+62,39)
(59+62,91)
(59+62,123)
(59+62,124)
(59+62,125)
(59+62,126)
(59+62,149)
(59+62,150)
(59+62,151)
(59+62,166)
(59+62,167)
(59+62,192)
(59+62,194)
(59+62,91+104)
(59+62,151+181)
(59+62,167+186)
(59+98,112)
(59+98,113)
(59+98,114)
(59+98,115)
(59+98,116)
(59+98,117)
(59+98,118)
(59+98,142)
(59+98,161)
(59+98,188)
(59+98,190)
(59+98,142+140)
(59+98,161+158)
(59+191,39)
(59+191,91)
(59+191,123)
(59+191,124)
(59+191,125)
(59+191,126)
(59+191,149)
(59+191,150)
(59+191,151)
(59+191,166)
(59+191,167)
(59+191,192)
(59+191,194)
(59+191,91+104)
(59+191,151+181)
(59+191,167+186)
(74+95,112)
(74+95,113)
(74+95,114)
(74+95,115)
(74+95,116)
(74+95,117)
(74+95,118)
(74+95,142)
(74+95,143)
(74+95,161)
(74+95,188)
(74+95,190)
(74+95,142+140)
(74+95,143+135)
(74+95,143+141)
(74+95,161+158)
(76+97,112)
(76+97,113)
(76+97,114)
(76+97,115)
(76+97,116)
(76+97,117)
(76+97,118)
(76+97,142)
(76+97,161)
(76+97,188)
(76+97,190)
(76+97,142+140)
(76+97,161+158)
(76+106,39)
(76+106,55)
(76+106,57)
(76+106,63)
(76+106,83)
(76+106,85)
(76+106,91)
(76+106,123)
(76+106,124)
(76+106,125)
(76+106,126)
(76+106,149)
(76+106,150)
(76+106,151)
(76+106,166)
(76+106,167)
(76+106,192)
(76+106,194)
(76+106,83+15)
(76+106,83+99)
(76+106,83+171)
(76+106,85+137)
(76+106,91+104)
(76+106,151+181)
(76+106,167+186)
(83+15,26)
(83+15,34)
(83+15,177)
(83+15,178)
(83+99,112)
(83+99,113)
(83+99,114)
(83+99,115)
(83+99,116)
(83+99,117)
(83+99,118)
(83+99,142)
(83+99,161)
(83+99,188)
(83+99,190)
(83+99,142+140)
(83+99,161+158)
(83+171,26)
(83+171,34)
(83+171,177)
(83+171,178)
(85+137,119)
(85+137,120)
(85+137,121)
(85+137,122)
(85+137,144)
(85+137,145)
(85+137,163)
(85+137,144+138)
(85+137,145+139)
(85+137,163+159)
(85+137,163+186)
(88+104,39)
(88+104,124)
(88+104,125)
(88+104,126)
(88+104,150)
(88+104,151)
(88+104,167)
(88+104,192)
(88+104,194)
(88+104,151+181)
(88+104,167+186)
(88+197,19)
(88+197,24)
(88+197,28)
(91+104,39)
(91+104,124)
(91+104,125)
(91+104,126)
(91+104,150)
(91+104,151)
(91+104,167)
(91+104,192)
(91+104,194)
(91+104,151+181)
(91+104,167+186)
(96+143,59)
(96+143,88)
(96+143,131)
(96+143,132)
(96+143,133)
(96+143,134)
(96+143,136)
(96+143,137)
(96+143,138)
(96+143,139)
(96+143,140)
(96+143,181)
(96+143,182)
(96+143,59+62)
(96+143,59+98)
(96+143,59+191)
(96+143,88+104)
(96+143,88+197)
(96+143,131+142)
(96+143,132+115)
(96+143,133+145)
(96+143,133+163)
(96+143,136+147)
(96+143,137+148)
(96+143,138+149)
(96+143,138+166)
(96+143,139+124)
(96+143,139+150)
(96+143,140+151)
(96+143,182+153)
(96+143,182+155)
(104+123,108)
(104+123,187)
(104+123,189)
(104+123,187+114)
(104+123,187+188)
(104+123,189+190)
(104+149,131)
(104+149,132)
(104+149,134)
(104+149,140)
(104+149,181)
(104+149,131+142)
(104+149,132+115)
(104+149,140+151)
(104+166,154)
(104+166,186)
(105+167,154)
(106+168,153)
(106+168,154)
(106+168,155)
(106+168,156)
(106+168,158)
(106+168,159)
(106+168,186)
(106+168,153+161)
(106+168,155+144)
(106+168,156+145)
(106+168,156+163)
(106+168,158+123)
(106+168,158+149)
(106+168,158+166)
(106+168,159+124)
(106+168,159+150)
(131+142,132)
(131+142,132+115)
(132+115,189)
(132+115,189+190)
(133+145,131)
(133+145,132)
(133+145,134)
(133+145,140)
(133+145,181)
(133+145,131+142)
(133+145,132+115)
(133+145,140+151)
(133+163,154)
(135+146,59)
(135+146,88)
(135+146,131)
(135+146,132)
(135+146,133)
(135+146,134)
(135+146,137)
(135+146,138)
(135+146,139)
(135+146,140)
(135+146,181)
(135+146,182)
(135+146,59+62)
(135+146,59+98)
(135+146,59+191)
(135+146,88+104)
(135+146,88+197)
(135+146,131+142)
(135+146,132+115)
(135+146,133+145)
(135+146,133+163)
(135+146,137+148)
(135+146,138+149)
(135+146,138+166)
(135+146,139+124)
(135+146,139+150)
(135+146,140+151)
(135+146,182+153)
(135+146,182+155)
(136+147,88)
(136+147,131)
(136+147,132)
(136+147,133)
(136+147,134)
(136+147,137)
(136+147,138)
(136+147,139)
(136+147,140)
(136+147,181)
(136+147,182)
(136+147,88+104)
(136+147,88+197)
(136+147,131+142)
(136+147,132+115)
(136+147,133+145)
(136+147,133+163)
(136+147,137+148)
(136+147,138+149)
(136+147,138+166)
(136+147,139+124)
(136+147,139+150)
(136+147,140+151)
(136+147,182+153)
(136+147,182+155)
(137+148,131)
(137+148,132)
(137+148,133)
(137+148,134)
(137+148,138)
(137+148,139)
(137+148,140)
(137+148,181)
(137+148,131+142)
(137+148,132+115)
(137+148,133+145)
(137+148,133+163)
(137+148,138+149)
(137+148,138+166)
(137+148,139+124)
(137+148,139+150)
(137+148,140+151)
(138+149,131)
(138+149,132)
(138+149,134)
(138+149,140)
(138+149,181)
(138+149,131+142)
(138+149,132+115)
(138+149,140+151)
(138+166,154)
(138+166,186)
(139+124,108)
(139+124,187)
(139+124,189)
(139+124,187+114)
(139+124,187+188)
(139+124,189+190)
(139+150,132)
(139+150,181)
(139+150,132+115)
(140+151,132)
(140+151,132+115)
(141+168,153)
(141+168,154)
(141+168,155)
(141+168,156)
(141+168,158)
(141+168,159)
(141+168,186)
(141+168,153+161)
(141+168,155+144)
(141+168,156+145)
(141+168,156+163)
(141+168,158+123)
(141+168,158+149)
(141+168,158+166)
(141+168,159+124)
(141+168,159+150)
(142+140,125)
(142+140,126)
(142+140,192)
(142+140,194)
(143+135,119)
(143+135,120)
(143+135,121)
(143+135,122)
(143+135,144)
(143+135,145)
(143+135,147)
(143+135,148)
(143+135,163)
(143+135,144+138)
(143+135,145+139)
(143+135,148+182)
(143+135,163+159)
(143+135,163+186)
(143+141,39)
(143+141,55)
(143+141,57)
(143+141,63)
(143+141,83)
(143+141,85)
(143+141,91)
(143+141,123)
(143+141,124)
(143+141,125)
(143+141,126)
(143+141,149)
(143+141,150)
(143+141,151)
(143+141,166)
(143+141,167)
(143+141,192)
(143+141,194)
(143+141,83+15)
(143+141,83+99)
(143+141,83+171)
(143+141,85+137)
(143+141,91+104)
(143+141,151+181)
(143+141,167+186)
(144+138,39)
(144+138,124)
(144+138,125)
(144+138,126)
(144+138,150)
(144+138,151)
(144+138,167)
(144+138,192)
(144+138,194)
(144+138,151+181)
(144+138,167+186)
(145+139,125)
(145+139,126)
(145+139,151)
(145+139,192)
(145+139,194)
(145+139,151+181)
(146+51,15)
(146+51,60)
(146+51,61)
(146+51,62)
(146+51,64)
(146+51,98)
(146+51,99)
(146+51,104)
(146+51,105)
(146+51,108)
(146+51,171)
(146+51,187)
(146+51,189)
(146+51,191)
(146+51,197)
(146+51,15+16)
(146+51,104+123)
(146+51,104+149)
(146+51,104+166)
(146+51,105+167)
(146+51,171+16)
(146+51,187+114)
(146+51,187+188)
(146+51,189+190)
(148+182,154)
(148+182,156)
(148+182,159)
(148+182,186)
(148+182,156+145)
(148+182,156+163)
(148+182,159+124)
(148+182,159+150)
(151+181,189)
(151+181,189+190)
(152+135,119)
(152+135,120)
(152+135,121)
(152+135,122)
(152+135,144)
(152+135,145)
(152+135,147)
(152+135,148)
(152+135,163)
(152+135,144+138)
(152+135,145+139)
(152+135,148+182)
(152+135,163+159)
(152+135,163+186)
(152+141,39)
(152+141,55)
(152+141,57)
(152+141,63)
(152+141,83)
(152+141,85)
(152+141,91)
(152+141,123)
(152+141,124)
(152+141,125)
(152+141,126)
(152+141,149)
(152+141,150)
(152+141,151)
(152+141,166)
(152+141,167)
(152+141,192)
(152+141,194)
(152+141,83+15)
(152+141,83+99)
(152+141,83+171)
(152+141,85+137)
(152+141,91+104)
(152+141,151+181)
(152+141,167+186)
(153+161,154)
(153+161,159)
(153+161,186)
(153+161,159+124)
(153+161,159+150)
(155+144,131)
(155+144,132)
(155+144,134)
(155+144,139)
(155+144,140)
(155+144,181)
(155+144,131+142)
(155+144,132+115)
(155+144,139+124)
(155+144,139+150)
(155+144,140+151)
(156+145,131)
(156+145,132)
(156+145,134)
(156+145,140)
(156+145,181)
(156+145,131+142)
(156+145,132+115)
(156+145,140+151)
(156+163,154)
(157+165,153)
(157+165,154)
(157+165,155)
(157+165,156)
(157+165,158)
(157+165,159)
(157+165,184)
(157+165,186)
(157+165,153+161)
(157+165,155+144)
(157+165,156+145)
(157+165,156+163)
(157+165,158+123)
(157+165,158+149)
(157+165,158+166)
(157+165,159+124)
(157+165,159+150)
(157+165,184+136)
(158+123,108)
(158+123,187)
(158+123,189)
(158+123,187+114)
(158+123,187+188)
(158+123,189+190)
(158+149,131)
(158+149,132)
(158+149,134)
(158+149,140)
(158+149,181)
(158+149,131+142)
(158+149,132+115)
(158+149,140+151)
(158+166,154)
(158+166,186)
(159+124,108)
(159+124,187)
(159+124,189)
(159+124,187+114)
(159+124,187+188)
(159+124,189+190)
(159+150,132)
(159+150,181)
(159+150,132+115)
(160+152,59)
(160+152,88)
(160+152,131)
(160+152,132)
(160+152,133)
(160+152,134)
(160+152,136)
(160+152,137)
(160+152,138)
(160+152,139)
(160+152,140)
(160+152,181)
(160+152,182)
(160+152,59+62)
(160+152,59+98)
(160+152,59+191)
(160+152,88+104)
(160+152,88+197)
(160+152,131+142)
(160+152,132+115)
(160+152,133+145)
(160+152,133+163)
(160+152,136+147)
(160+152,137+148)
(160+152,138+149)
(160+152,138+166)
(160+152,139+124)
(160+152,139+150)
(160+152,140+151)
(160+152,182+153)
(160+152,182+155)
(161+158,39)
(161+158,124)
(161+158,125)
(161+158,126)
(161+158,150)
(161+158,151)
(161+158,167)
(161+158,192)
(161+158,194)
(161+158,151+181)
(161+158,167+186)
(162+157,119)
(162+157,120)
(162+157,121)
(162+157,122)
(162+157,144)
(162+157,145)
(162+157,146)
(162+157,147)
(162+157,148)
(162+157,163)
(162+157,144+138)
(162+157,145+139)
(162+157,146+51)
(162+157,148+182)
(162+157,163+159)
(162+157,163+186)
(163+159,125)
(163+159,126)
(163+159,151)
(163+159,192)
(163+159,194)
(163+159,151+181)
(163+186,108)
(163+186,187)
(163+186,189)
(163+186,187+114)
(163+186,187+188)
(163+186,189+190)
(167+186,108)
(167+186,187)
(167+186,189)
(167+186,187+114)
(167+186,187+188)
(167+186,189+190)
(170+172,176)
(170+172,179)
(170+172,199)
(170+172,176+177)
(171+16,3)
(171+16,19)
(171+16,24)
(171+16,28)
(171+16,33)
(171+16,201)
(176+177,189)
(176+177,189+190)
(182+153,112)
(182+153,113)
(182+153,114)
(182+153,115)
(182+153,116)
(182+153,117)
(182+153,118)
(182+153,142)
(182+153,188)
(182+153,190)
(182+153,142+140)
(182+155,120)
(182+155,121)
(182+155,122)
(182+155,145)
(182+155,163)
(182+155,145+139)
(182+155,163+159)
(182+155,163+186)
(184+136,119)
(184+136,120)
(184+136,121)
(184+136,122)
(184+136,144)
(184+136,145)
(184+136,148)
(184+136,163)
(184+136,144+138)
(184+136,145+139)
(184+136,148+182)
(184+136,163+159)
(184+136,163+186)
(187+114,189)
(187+114,189+190)
(187+188,189)
(187+188,189+190)
(20,END)
(23,END)
(24,END)
(26,END)
(27,END)
(28,END)
(31,END)
(34,END)
(51,END)
(59,END)
(65,END)
(67,END)
(71,END)
(72,END)
(74,END)
(76,END)
(77,END)
(79,END)
(81,END)
(83,END)
(86,END)
(88,END)
(89,END)
(91,END)
(92,END)
(112,END)
(113,END)
(114,END)
(115,END)
(116,END)
(117,END)
(118,END)
(119,END)
(120,END)
(121,END)
(122,END)
(123,END)
(124,END)
(125,END)
(126,END)
(127,END)
(128,END)
(129,END)
(130,END)
(175,END)
(177,END)
(178,END)
(179,END)
(180,END)
(181,END)
(186,END)
(188,END)
(190,END)
(192,END)
(194,END)
(199,END)
(201,END)
(104+123,END)
(132+115,END)
(139+124,END)
(146+51,END)
(151+181,END)
(158+123,END)
(159+124,END)
(163+186,END)
(167+186,END)
(176+177,END)
(187+114,END)
(187+188,END)
(189+190,END)
;
param : orgArcCost := 
START 1      0.00
START 4      0.00
START 7      0.00
START 8      0.00
START 9      0.00
START 11      0.00
START 12      0.00
START 15      0.00
START 35      0.00
START 36      0.00
START 38      0.00
START 40      0.00
START 42      0.00
START 43      0.00
START 45      0.00
START 47      0.00
START 49      0.00
START 52      0.00
START 54      0.00
START 56      0.00
START 58      0.00
START 60      0.00
START 61      0.00
START 62      0.00
START 64      0.00
START 93      0.00
START 94      0.00
START 95      0.00
START 96      0.00
START 97      0.00
START 98      0.00
START 99      0.00
START 100      0.00
START 101      0.00
START 102      0.00
START 103      0.00
START 104      0.00
START 105      0.00
START 106      0.00
START 107      0.00
START 108      0.00
START 109      0.00
START 110      0.00
START 111      0.00
START 169      0.00
START 170      0.00
START 171      0.00
START 173      0.00
START 174      0.00
START 183      0.00
START 185      0.00
START 187      0.00
START 189      0.00
START 191      0.00
START 196      0.00
START 197      0.00
START 200      0.00
START 1+2      0.00
START 9+10      0.00
START 12+13      0.00
START 15+16      0.00
START 96+143      0.00
START 104+123      0.00
START 104+149      0.00
START 104+166      0.00
START 105+167      0.00
START 106+168      0.00
START 170+172      0.00
START 171+16      0.00
START 187+114      0.00
START 187+188      0.00
START 189+190      0.00
1 10   5109.67
1 13   6953.94
1 16   8377.94
1 20   1905.67
1 26  14642.56
1 31   9025.67
1 34  10449.67
1 172   2414.94
1 177  14009.67
1 178  18291.56
1 20+170   1905.67
2 3  10156.54
2 14   7048.18
2 17   8460.18
2 19  11014.53
2 21   1292.32
2 24  12348.08
2 25   3876.08
2 27   5214.54
2 28  16584.08
2 30   8190.53
2 33   9602.53
2 198   5322.40
2 201   9528.99
2 21+22   1292.32
3 29   1503.05
4 5   8173.33
4 23   9092.51
4 5+6   8173.33
5 180   5042.50
6 24   1416.04
6 28   5652.04
7 3   7998.17
7 14   4889.81
7 17   6301.81
7 19   8856.15
7 24  10189.71
7 25   1717.71
7 27   3056.17
7 28  14425.71
7 30   6032.15
7 33   7444.15
7 198   3164.03
7 201   7370.61
8 3   6586.17
8 14   3477.81
8 17   4889.81
8 19   7444.15
8 24   8777.71
8 27   1644.17
8 28  13013.71
8 30   4620.15
8 33   6032.15
8 198   1752.03
8 201   5958.61
9 13   1969.94
9 16   3393.94
9 26   9658.56
9 31   4041.67
9 34   5465.67
9 177   9025.67
9 178  13307.56
10 3   5214.54
10 14   2106.18
10 17   3518.18
10 19   6072.53
10 24   7406.08
10 28  11642.08
10 30   3248.53
10 33   4660.53
10 201   4586.99
11 3   3762.17
11 17   2065.81
11 19   4620.15
11 24   5953.71
11 28  10189.71
11 30   1796.15
11 33   3208.15
11 201   3134.61
12 16   1549.67
12 26   7814.28
12 31   2197.39
12 34   3621.39
12 177   7181.39
12 178  11463.28
13 3   3385.81
13 17   1689.44
13 19   4243.79
13 24   5577.35
13 28   9813.35
13 30   1419.79
13 33   2831.79
13 201   2758.25
14 18   3057.65
14 29   4351.65
14 32   1763.65
15 26   6390.28
15 34   2197.39
15 177   5757.39
15 178  10039.28
16 3   1973.81
16 19   2831.79
16 24   4165.35
16 28   8401.35
16 33   1419.79
16 201   1346.25
17 18   1763.65
17 29   3057.65
18 24   1644.17
18 28   5880.17
19 26   3027.22
19 177   2394.33
19 178   6676.22
20 8   1456.65
20 9   2540.68
20 11   3924.65
20 12   4138.88
20 15   5372.88
20 45   1306.68
20 47   1302.40
20 49   2596.38
20 52   3774.68
20 54   3761.83
20 56   3787.53
20 58   3710.41
20 60   5072.95
20 61   5034.39
20 62   4940.12
20 64   4944.41
20 95   1576.62
20 96   2450.70
20 97   2810.62
20 98   4918.70
20 99   5278.62
20 101   1216.70
20 104   6542.61
20 105   7420.98
20 106   2733.49
20 107   3654.71
20 108   9062.03
20 109   2892.03
20 110   2437.85
20 111   1280.97
20 169   3723.26
20 171   5325.75
20 173   1867.98
20 174   4370.26
20 185   1876.55
20 187  10137.49
20 189  12374.12
20 191   4991.54
20 196   1486.64
20 197   6392.65
20 200   2600.67
20 9+10   2540.68
20 12+13   4138.88
20 15+16   5372.88
20 96+143   2450.70
20 104+123   6542.61
20 104+149   6542.61
20 104+166   6542.61
20 105+167   7420.98
20 106+168   2733.49
20 171+16   5325.75
20 187+114  10137.49
20 187+188  10137.49
20 189+190  12374.12
21 6   7651.74
21 180  12600.86
22 5   7254.15
22 23   8173.33
22 5+6   7254.15
23 187   1276.69
23 189   3513.31
23 187+114   1276.69
23 187+188   1276.69
23 189+190   3513.31
24 189   2842.51
24 189+190   2842.51
25 13   2537.72
25 16   3961.72
25 26  10226.33
25 31   4609.44
25 34   6033.44
25 177   9593.44
25 178  13875.33
26 189   1336.67
26 189+190   1336.67
27 15   2075.55
27 60   1775.62
27 61   1737.06
27 62   1642.79
27 64   1647.08
27 98   1621.37
27 99   1981.28
27 104   3245.28
27 105   4123.65
27 108   5764.69
27 171   2028.42
27 187   6840.16
27 189   9076.78
27 191   1694.21
27 197   3095.31
27 15+16   2075.55
27 104+123   3245.28
27 104+149   3245.28
27 104+166   3245.28
27 105+167   4123.65
27 171+16   2028.42
27 187+114   6840.16
27 187+188   6840.16
27 189+190   9076.78
29 28   4468.17
30 26   5875.22
30 34   1682.33
30 177   5242.33
30 178   9524.22
31 105   1250.98
31 108   2892.03
31 187   3967.49
31 189   6204.12
31 105+167   1250.98
31 187+114   3967.49
31 187+188   3967.49
31 189+190   6204.12
32 19   1722.61
32 24   3056.17
32 28   7292.17
33 26   4451.22
33 177   3818.33
33 178   8100.22
34 108   1658.03
34 187   2733.49
34 189   4970.12
34 187+114   2733.49
34 187+188   2733.49
34 189+190   4970.12
35 65  12983.10
35 86  21884.58
35 92  11120.58
36 37   1761.00
36 50   6109.50
36 67  12008.25
36 70   3340.50
36 75   4759.12
36 79  16356.75
36 80   7552.50
36 87   8985.75
36 50+78   6109.50
37 66   9431.21
37 73   1461.40
37 78   4251.52
37 82   5503.85
38 39   8643.08
38 44   1284.33
38 48   2565.77
38 55   5001.77
38 57   5018.69
38 63   6156.33
38 69   1144.77
38 74   2362.77
38 83   6084.44
38 85   6071.75
38 91   7293.98
38 123   7750.73
38 124   9011.02
38 125  12533.92
38 126  13417.81
38 149   7805.71
38 150   8994.10
38 151  10229.02
38 152   3673.81
38 166   7793.02
38 167   8617.71
38 168   4109.42
38 192  14745.77
38 194  12314.00
38 195   2747.62
38 74+95   2362.77
38 83+15   6084.44
38 83+99   6084.44
38 83+171   6084.44
38 85+137   6071.75
38 91+104   7293.98
38 151+181  10229.02
38 152+135   3673.81
38 152+141   3673.81
38 167+186   8617.71
39 72   1785.27
40 41   9053.33
40 46   1565.33
40 53   4061.33
40 71   9430.33
40 81   4438.33
40 53+80   4061.33
41 79   3327.71
42 68   9456.48
42 72  10867.48
42 84   5036.73
42 89   6375.10
42 193   2230.29
43 39   7484.29
43 48   1406.98
43 55   3842.98
43 57   3859.90
43 63   4997.54
43 74   1203.98
43 83   4925.65
43 85   4912.96
43 91   6135.19
43 123   6591.94
43 124   7852.23
43 125  11375.12
43 126  12259.02
43 149   6646.92
43 150   7835.31
43 151   9070.23
43 152   2515.02
43 166   6634.23
43 167   7458.92
43 168   2950.62
43 192  13586.98
43 194  11155.21
43 195   1588.83
43 74+95   1203.98
43 83+15   4925.65
43 83+99   4925.65
43 83+171   4925.65
43 85+137   4912.96
43 91+104   6135.19
43 151+181   9070.23
43 152+135   2515.02
43 152+141   2515.02
43 167+186   7458.92
44 66   8346.58
44 78   3166.90
44 82   4419.23
45 41   7805.33
45 53   2813.33
45 71   8182.33
45 81   3190.33
45 53+80   2813.33
46 50   1504.46
46 67   7403.21
46 79  11751.71
46 80   2947.46
46 87   4380.71
46 50+78   1504.46
47 39   6194.40
47 55   2553.08
47 57   2570.00
47 63   3707.65
47 83   3635.75
47 85   3623.06
47 91   4845.29
47 123   5302.04
47 124   6562.33
47 125  10085.23
47 126  10969.12
47 149   5357.02
47 150   6545.42
47 151   7780.33
47 152   1225.12
47 166   5344.33
47 167   6169.02
47 168   1660.73
47 192  12297.08
47 194   9865.31
47 83+15   3635.75
47 83+99   3635.75
47 83+171   3635.75
47 85+137   3623.06
47 91+104   4845.29
47 151+181   7780.33
47 152+135   1225.12
47 152+141   1225.12
47 167+186   6169.02
48 77  10808.58
48 90   4803.40
49 67   6255.75
49 79  10604.25
49 80   1800.00
49 87   3233.25
50 66   5324.29
50 82   1396.94
51 15   1755.62
51 60   1455.69
51 61   1417.13
51 62   1322.87
51 64   1327.15
51 98   1301.44
51 99   1661.36
51 104   2925.35
51 105   3803.72
51 108   5444.77
51 171   1708.49
51 187   6520.24
51 189   8756.86
51 191   1374.28
51 197   2775.39
51 15+16   1755.62
51 104+123   2925.35
51 104+149   2925.35
51 104+166   2925.35
51 105+167   3803.72
51 171+16   1708.49
51 187+114   6520.24
51 187+188   6520.24
51 189+190   8756.86
52 41   5309.33
52 71   5686.33
53 67   4595.21
53 79   8943.71
53 87   1572.71
54 39   3766.85
54 63   1280.10
54 83   1208.21
54 85   1195.52
54 91   2417.75
54 123   2874.50
54 124   4134.79
54 125   7657.69
54 126   8541.58
54 149   2929.48
54 150   4117.88
54 151   5352.79
54 166   2916.79
54 167   3741.48
54 192   9869.54
54 194   7437.77
54 83+15   1208.21
54 83+99   1208.21
54 83+171   1208.21
54 85+137   1195.52
54 91+104   2417.75
54 151+181   5352.79
54 167+186   3741.48
55 66   4299.52
56 39   3741.48
56 63   1254.73
56 83   1182.83
56 85   1170.15
56 91   2392.38
56 123   2849.12
56 124   4109.42
56 125   7632.31
56 126   8516.21
56 149   2904.10
56 150   4092.50
56 151   5327.42
56 166   2891.42
56 167   3716.10
56 192   9844.17
56 194   7412.40
56 83+15   1182.83
56 83+99   1182.83
56 83+171   1182.83
56 85+137   1170.15
56 91+104   2392.38
56 151+181   5327.42
56 167+186   3716.10
57 68   4819.96
57 72   6230.96
57 89   1738.58
58 65   4087.85
58 86  12989.33
58 92   2225.33
59 104   1708.49
59 105   2586.86
59 108   4227.91
59 187   5303.38
59 189   7540.00
59 197   1558.53
59 104+123   1708.49
59 104+149   1708.49
59 104+166   1708.49
59 105+167   2586.86
59 187+114   5303.38
59 187+188   5303.38
59 189+190   7540.00
60 67   3438.00
60 79   7786.50
61 68   3496.04
61 72   4907.04
62 39   2603.83
62 91   1254.73
62 123   1711.48
62 124   2971.77
62 125   6494.67
62 126   7378.56
62 149   1766.46
62 150   2954.85
62 151   4189.77
62 166   1753.77
62 167   2578.46
62 192   8706.52
62 194   6274.75
62 91+104   1254.73
62 151+181   4189.77
62 167+186   2578.46
63 77   6439.77
64 65   2293.85
64 86  11195.33
65 108   2004.77
65 187   3080.24
65 189   5316.86
65 187+114   3080.24
65 187+188   3080.24
65 189+190   5316.86
66 79   4473.33
67 187   1594.55
67 189   3831.17
67 187+114   1594.55
67 187+188   1594.55
67 189+190   3831.17
68 125   3183.46
68 126   4067.35
68 192   5395.31
68 194   2963.54
69 51   3482.33
69 59   4713.00
69 76   2485.67
69 88   6242.67
69 131   8552.33
69 132  11048.33
69 133   7278.33
69 134   8920.67
69 135   2780.33
69 136   3742.33
69 137   5241.67
69 138   6533.00
69 139   7750.67
69 140   9007.33
69 141   2741.33
69 181   9492.67
69 182   5978.33
69 51+54   3482.33
69 51+56   3482.33
69 51+107   3482.33
69 51+169   3482.33
69 59+62   4713.00
69 59+98   4713.00
69 59+191   4713.00
69 76+97   2485.67
69 76+106   2485.67
69 88+104   6242.67
69 88+197   6242.67
69 131+142   8552.33
69 132+115  11048.33
69 133+145   7278.33
69 133+163   7278.33
69 135+146   2780.33
69 136+147   3742.33
69 137+148   5241.67
69 138+149   6533.00
69 138+166   6533.00
69 139+124   7750.67
69 139+150   7750.67
69 140+151   9007.33
69 141+168   2741.33
69 182+153   5978.33
69 182+155   5978.33
70 41   8481.67
70 46    993.67
70 53   3489.67
70 71   8858.67
70 81   3866.67
70 53+80   3489.67
71 189   2659.38
71 189+190   2659.38
72 189   2788.88
72 189+190   2788.88
73 39   6629.56
73 55   2988.25
73 57   3005.17
73 63   4142.81
73 83   4070.92
73 85   4058.23
73 91   5280.46
73 123   5737.21
73 124   6997.50
73 125  10520.40
73 126  11404.29
73 149   5792.19
73 150   6980.58
73 151   8215.50
73 152   1660.29
73 166   5779.50
73 167   6604.19
73 168   2095.90
73 192  12732.25
73 194  10300.48
73 83+15   4070.92
73 83+99   4070.92
73 83+171   4070.92
73 85+137   4058.23
73 91+104   5280.46
73 151+181   8215.50
73 152+135   1660.29
73 152+141   1660.29
73 167+186   6604.19
74 9   1178.14
74 11   2562.10
74 12   2776.34
74 15   4010.34
74 49   1233.84
74 52   2412.14
74 54   2399.28
74 56   2424.99
74 58   2347.87
74 60   3710.41
74 61   3671.85
74 62   3577.58
74 64   3581.87
74 96   1088.16
74 97   1448.08
74 98   3556.16
74 99   3916.08
74 104   5180.07
74 105   6058.44
74 106   1370.95
74 107   2292.17
74 108   7699.49
74 109   1529.49
74 110   1075.31
74 169   2360.72
74 171   3963.21
74 174   3007.72
74 187   8774.95
74 189  11011.58
74 191   3629.00
74 197   5030.10
74 200   1238.12
74 9+10   1178.14
74 12+13   2776.34
74 15+16   4010.34
74 96+143   1088.16
74 104+123   5180.07
74 104+149   5180.07
74 104+166   5180.07
74 105+167   6058.44
74 106+168   1370.95
74 171+16   3963.21
74 187+114   8774.95
74 187+188   8774.95
74 189+190  11011.58
75 51   1413.50
75 59   2644.17
75 88   4173.83
75 131   6483.50
75 132   8979.50
75 133   5209.50
75 134   6851.83
75 136   1673.50
75 137   3172.83
75 138   4464.17
75 139   5681.83
75 140   6938.50
75 181   7423.83
75 182   3909.50
75 51+54   1413.50
75 51+56   1413.50
75 51+107   1413.50
75 51+169   1413.50
75 59+62   2644.17
75 59+98   2644.17
75 59+191   2644.17
75 88+104   4173.83
75 88+197   4173.83
75 131+142   6483.50
75 132+115   8979.50
75 133+145   5209.50
75 133+163   5209.50
75 136+147   1673.50
75 137+148   3172.83
75 138+149   4464.17
75 138+166   4464.17
75 139+124   5681.83
75 139+150   5681.83
75 140+151   6938.50
75 182+153   3909.50
75 182+155   3909.50
76 11   1292.88
76 12   1507.11
76 15   2741.11
76 52   1142.91
76 54   1130.06
76 56   1155.76
76 58   1078.64
76 60   2441.18
76 61   2402.62
76 62   2308.35
76 64   2312.64
76 98   2286.93
76 99   2646.85
76 104   3910.84
76 105   4789.21
76 107   1022.94
76 108   6430.26
76 169   1091.49
76 171   2693.98
76 174   1738.49
76 187   7505.72
76 189   9742.35
76 191   2359.77
76 197   3760.88
76 12+13   1507.11
76 15+16   2741.11
76 104+123   3910.84
76 104+149   3910.84
76 104+166   3910.84
76 105+167   4789.21
76 171+16   2693.98
76 187+114   7505.72
76 187+188   7505.72
76 189+190   9742.35
77 189   1396.34
77 189+190   1396.34
78 67   5609.21
78 79   9957.71
78 80   1153.46
78 87   2586.71
80 41   4737.67
80 71   5114.67
81 104   1763.88
81 105   2642.24
81 108   4283.29
81 187   5358.76
81 189   7595.38
81 197   1613.91
81 104+123   1763.88
81 104+149   1763.88
81 104+166   1763.88
81 105+167   2642.24
81 187+114   5358.76
81 187+188   5358.76
81 189+190   7595.38
82 39   2916.35
82 91   1567.25
82 123   2024.00
82 124   3284.29
82 125   6807.19
82 126   7691.08
82 149   2078.98
82 150   3267.38
82 151   4502.29
82 166   2066.29
82 167   2890.98
82 192   9019.04
82 194   6587.27
82 91+104   1567.25
82 151+181   4502.29
82 167+186   2890.98
83 104   1409.51
83 105   2287.88
83 108   3928.93
83 187   5004.40
83 189   7241.02
83 197   1259.55
83 104+123   1409.51
83 104+149   1409.51
83 104+166   1409.51
83 105+167   2287.88
83 187+114   5004.40
83 187+188   5004.40
83 189+190   7241.02
84 39   2895.88
84 91   1546.77
84 123   2003.52
84 124   3263.81
84 125   6786.71
84 126   7670.60
84 149   2058.50
84 150   3246.90
84 151   4481.81
84 166   2045.81
84 167   2870.50
84 192   8998.56
84 194   6566.79
84 91+104   1546.77
84 151+181   4481.81
84 167+186   2870.50
85 88   1194.33
85 131   3504.00
85 132   6000.00
85 133   2230.00
85 134   3872.33
85 138   1484.67
85 139   2702.33
85 140   3959.00
85 181   4444.33
85 88+104   1194.33
85 88+197   1194.33
85 131+142   3504.00
85 132+115   6000.00
85 133+145   2230.00
85 133+163   2230.00
85 138+149   1484.67
85 138+166   1484.67
85 139+124   2702.33
85 139+150   2702.33
85 140+151   3959.00
87 131   2726.50
87 132   5222.50
87 133   1452.50
87 134   3094.83
87 139   1924.83
87 140   3181.50
87 181   3666.83
87 131+142   2726.50
87 132+115   5222.50
87 133+145   1452.50
87 133+163   1452.50
87 139+124   1924.83
87 139+150   1924.83
87 140+151   3181.50
88 105   1074.35
88 108   2715.40
88 187   3790.87
88 189   6027.49
88 105+167   1074.35
88 187+114   3790.87
88 187+188   3790.87
88 189+190   6027.49
89 105   1546.31
89 108   3187.35
89 187   4262.82
89 189   6499.44
89 105+167   1546.31
89 187+114   4262.82
89 187+188   4262.82
89 189+190   6499.44
90 39   1698.35
90 124   2066.29
90 125   5589.19
90 126   6473.08
90 150   2049.38
90 151   3284.29
90 167   1672.98
90 192   7801.04
90 194   5369.27
90 151+181   3284.29
90 167+186   1672.98
91 105   1062.45
91 108   2703.50
91 187   3778.97
91 189   6015.59
91 105+167   1062.45
91 187+114   3778.97
91 187+188   3778.97
91 189+190   6015.59
92 105   1644.85
92 108   3285.90
92 187   4361.37
92 189   6597.99
92 105+167   1644.85
92 187+114   4361.37
92 187+188   4361.37
92 189+190   6597.99
93 112  10428.83
93 113  11892.83
93 114  13356.83
93 115  14388.75
93 116  14820.83
93 117  17316.75
93 118  17748.83
93 142  11409.92
93 143   4089.92
93 161   8502.25
93 162   2646.25
93 188  13402.58
93 190  15923.92
93 142+140  11409.92
93 143+135   4089.92
93 143+141   4089.92
93 161+158   8502.25
93 162+157   2646.25
94 112   8964.83
94 113  10428.83
94 114  11892.83
94 115  12924.75
94 116  13356.83
94 117  15852.75
94 118  16284.83
94 142   9945.92
94 143   2625.92
94 161   7038.25
94 162   1182.25
94 188  11938.58
94 190  14459.92
94 142+140   9945.92
94 143+135   2625.92
94 143+141   2625.92
94 161+158   7038.25
94 162+157   1182.25
95 112   7500.83
95 113   8964.83
95 114  10428.83
95 115  11460.75
95 116  11892.83
95 117  14388.75
95 118  14820.83
95 142   8481.92
95 143   1161.92
95 161   5574.25
95 188  10474.58
95 190  12995.92
95 142+140   8481.92
95 143+135   1161.92
95 143+141   1161.92
95 161+158   5574.25
96 112   6463.83
96 113   7927.83
96 114   9391.83
96 115  10423.75
96 116  10855.83
96 117  13351.75
96 118  13783.83
96 142   7444.92
96 161   4537.25
96 188   9437.58
96 190  11958.92
96 142+140   7444.92
96 161+158   4537.25
97 112   6036.83
97 113   7500.83
97 114   8964.83
97 115   9996.75
97 116  10428.83
97 117  12924.75
97 118  13356.83
97 142   7017.92
97 161   4110.25
97 188   9010.58
97 190  11531.92
97 142+140   7017.92
97 161+158   4110.25
98 112   3535.83
98 113   4999.83
98 114   6463.83
98 115   7495.75
98 116   7927.83
98 117  10423.75
98 118  10855.83
98 142   4516.92
98 161   1609.25
98 188   6509.58
98 190   9030.92
98 142+140   4516.92
98 161+158   1609.25
99 112   3108.83
99 113   4572.83
99 114   6036.83
99 115   7068.75
99 116   7500.83
99 117   9996.75
99 118  10428.83
99 142   4089.92
99 161   1182.25
99 188   6082.58
99 190   8603.92
99 142+140   4089.92
99 161+158   1182.25
100 119   9562.82
100 120  13510.82
100 121  10878.82
100 122  12194.82
100 144   9338.92
100 145  10622.93
100 146   5879.85
100 147   6898.83
100 148   8475.29
100 163  10622.93
100 164   3142.75
100 165   4554.71
100 144+138   9338.92
100 145+139  10622.93
100 146+51   5879.85
100 148+182   8475.29
100 163+159  10622.93
100 163+186  10622.93
101 119   5614.82
101 120   9562.82
101 121   6930.82
101 122   8246.82
101 144   5390.92
101 145   6674.93
101 146   1931.85
101 147   2950.83
101 148   4527.29
101 163   6674.93
101 144+138   5390.92
101 145+139   6674.93
101 146+51   1931.85
101 148+182   4527.29
101 163+159   6674.93
101 163+186   6674.93
102 119   8246.82
102 120  12194.82
102 121   9562.82
102 122  10878.82
102 144   8022.92
102 145   9306.93
102 146   4563.85
102 147   5582.83
102 148   7159.29
102 163   9306.93
102 164   1826.75
102 165   3238.71
102 144+138   8022.92
102 145+139   9306.93
102 146+51   4563.85
102 148+182   7159.29
102 163+159   9306.93
102 163+186   9306.93
103 119   6930.82
103 120  10878.82
103 121   8246.82
103 122   9562.82
103 144   6706.92
103 145   7990.93
103 146   3247.85
103 147   4266.83
103 148   5843.29
103 163   7990.93
103 165   1922.71
103 144+138   6706.92
103 145+139   7990.93
103 146+51   3247.85
103 148+182   5843.29
103 163+159   7990.93
103 163+186   7990.93
104 39   1022.12
104 124   1390.06
104 125   4912.96
104 126   5796.85
104 150   1373.15
104 151   2608.06
104 167    996.75
104 192   7124.81
104 194   4693.04
104 151+181   2608.06
104 167+186    996.75
105 125   4045.98
105 126   4929.88
105 151   1741.08
105 192   6257.83
105 194   3826.06
105 151+181   1741.08
106 39   4781.85
106 55   1140.54
106 57   1157.46
106 63   2295.10
106 83   2223.21
106 85   2210.52
106 91   3432.75
106 123   3889.50
106 124   5149.79
106 125   8672.69
106 126   9556.58
106 149   3944.48
106 150   5132.88
106 151   6367.79
106 166   3931.79
106 167   4756.48
106 192  10884.54
106 194   8452.77
106 83+15   2223.21
106 83+99   2223.21
106 83+171   2223.21
106 85+137   2210.52
106 91+104   3432.75
106 151+181   6367.79
106 167+186   4756.48
107 39   3872.58
107 63   1385.83
107 83   1313.94
107 85   1301.25
107 91   2523.48
107 123   2980.23
107 124   4240.52
107 125   7763.42
107 126   8647.31
107 149   3035.21
107 150   4223.60
107 151   5458.52
107 166   3022.52
107 167   3847.21
107 192   9975.27
107 194   7543.50
107 83+15   1313.94
107 83+99   1313.94
107 83+171   1313.94
107 85+137   1301.25
107 91+104   2523.48
107 151+181   5458.52
107 167+186   3847.21
108 128   2759.51
109 127   6515.51
109 128   9019.51
110 129   9544.78
111 130   9286.27
112 108    987.55
112 187   2063.01
112 189   4299.64
112 187+114   2063.01
112 187+188   2063.01
112 189+190   4299.64
113 189   3065.64
113 189+190   3065.64
114 189   1831.64
114 189+190   1831.64
115 189    961.84
115 189+190    961.84
119 108   2400.40
119 187   3475.86
119 189   5712.49
119 187+114   3475.86
119 187+188   3475.86
119 189+190   5712.49
120 189   2010.49
120 189+190   2010.49
121 108   1166.40
121 187   2241.86
121 189   4478.49
121 187+114   2241.86
121 187+188   2241.86
121 189+190   4478.49
122 187   1007.86
122 189   3244.49
122 187+114   1007.86
122 187+188   1007.86
122 189+190   3244.49
123 108   2240.75
123 187   3316.22
123 189   5552.84
123 187+114   3316.22
123 187+188   3316.22
123 189+190   5552.84
124 108    963.90
124 187   2039.37
124 189   4275.99
124 187+114   2039.37
124 187+188   2039.37
124 189+190   4275.99
127 189   2773.01
127 189+190   2773.01
130 189   2065.08
130 189+190   2065.08
131 114   2107.42
131 115   3139.33
131 116   3571.42
131 117   6067.33
131 118   6499.42
131 188   2153.17
131 190   4674.50
132 117   3139.33
132 118   3571.42
132 190   1746.50
133 120   3042.22
133 122   1726.22
134 120   1310.40
135 119   3837.31
135 120   7785.31
135 121   5153.31
135 122   6469.31
135 144   3613.40
135 145   4897.42
135 147   1173.32
135 148   2749.78
135 163   4897.42
135 144+138   3613.40
135 145+139   4897.42
135 148+182   2749.78
135 163+159   4897.42
135 163+186   4897.42
136 119   2822.89
136 120   6770.89
136 121   4138.89
136 122   5454.89
136 144   2598.99
136 145   3883.00
136 148   1735.36
136 163   3883.00
136 144+138   2598.99
136 145+139   3883.00
136 148+182   1735.36
136 163+159   3883.00
136 163+186   3883.00
137 119   1241.86
137 120   5189.86
137 121   2557.86
137 122   3873.86
137 144   1017.96
137 145   2301.97
137 163   2301.97
137 144+138   1017.96
137 145+139   2301.97
137 163+159   2301.97
137 163+186   2301.97
138 39    958.69
138 124   1326.62
138 125   4849.52
138 126   5733.42
138 150   1309.71
138 151   2544.62
138 167    933.31
138 192   7061.38
138 194   4629.60
138 151+181   2544.62
138 167+186    933.31
139 125   3661.12
139 126   4545.02
139 151   1356.23
139 192   5872.98
139 194   3441.21
139 151+181   1356.23
140 125   2434.67
140 126   3318.56
140 192   4646.52
140 194   2214.75
141 39   4659.21
141 55   1017.90
141 57   1034.81
141 63   2172.46
141 83   2100.56
141 85   2087.88
141 91   3310.10
141 123   3766.85
141 124   5027.15
141 125   8550.04
141 126   9433.94
141 149   3821.83
141 150   5010.23
141 151   6245.15
141 166   3809.15
141 167   4633.83
141 192  10761.90
141 194   8330.12
141 83+15   2100.56
141 83+99   2100.56
141 83+171   2100.56
141 85+137   2087.88
141 91+104   3310.10
141 151+181   6245.15
141 167+186   4633.83
142 132   2185.33
142 132+115   2185.33
143 59   2090.00
143 88   3619.67
143 131   5929.33
143 132   8425.33
143 133   4655.33
143 134   6297.67
143 136   1119.33
143 137   2618.67
143 138   3910.00
143 139   5127.67
143 140   6384.33
143 181   6869.67
143 182   3355.33
143 59+62   2090.00
143 59+98   2090.00
143 59+191   2090.00
143 88+104   3619.67
143 88+197   3619.67
143 131+142   5929.33
143 132+115   8425.33
143 133+145   4655.33
143 133+163   4655.33
143 136+147   1119.33
143 137+148   2618.67
143 138+149   3910.00
143 138+166   3910.00
143 139+124   5127.67
143 139+150   5127.67
143 140+151   6384.33
143 182+153   3355.33
143 182+155   3355.33
144 131   2170.83
144 132   4666.83
144 134   2539.17
144 139   1369.17
144 140   2625.83
144 181   3111.17
144 131+142   2170.83
144 132+115   4666.83
144 139+124   1369.17
144 139+150   1369.17
144 140+151   2625.83
145 131    953.17
145 132   3449.17
145 134   1321.50
145 140   1408.17
145 181   1893.50
145 131+142    953.17
145 132+115   3449.17
145 140+151   1408.17
146 59   1611.83
146 88   3141.50
146 131   5451.17
146 132   7947.17
146 133   4177.17
146 134   5819.50
146 137   2140.50
146 138   3431.83
146 139   4649.50
146 140   5906.17
146 181   6391.50
146 182   2877.17
146 59+62   1611.83
146 59+98   1611.83
146 59+191   1611.83
146 88+104   3141.50
146 88+197   3141.50
146 131+142   5451.17
146 132+115   7947.17
146 133+145   4177.17
146 133+163   4177.17
146 137+148   2140.50
146 138+149   3431.83
146 138+166   3431.83
146 139+124   4649.50
146 139+150   4649.50
146 140+151   5906.17
146 182+153   2877.17
146 182+155   2877.17
147 88   2175.17
147 131   4484.83
147 132   6980.83
147 133   3210.83
147 134   4853.17
147 137   1174.17
147 138   2465.50
147 139   3683.17
147 140   4939.83
147 181   5425.17
147 182   1910.83
147 88+104   2175.17
147 88+197   2175.17
147 131+142   4484.83
147 132+115   6980.83
147 133+145   3210.83
147 133+163   3210.83
147 137+148   1174.17
147 138+149   2465.50
147 138+166   2465.50
147 139+124   3683.17
147 139+150   3683.17
147 140+151   4939.83
147 182+153   1910.83
147 182+155   1910.83
148 131   2989.83
148 132   5485.83
148 133   1715.83
148 134   3358.17
148 138    970.50
148 139   2188.17
148 140   3444.83
148 181   3930.17
148 131+142   2989.83
148 132+115   5485.83
148 133+145   1715.83
148 133+163   1715.83
148 138+149    970.50
148 138+166    970.50
148 139+124   2188.17
148 139+150   2188.17
148 140+151   3444.83
149 131   1727.33
149 132   4223.33
149 134   2095.67
149 140   2182.33
149 181   2667.67
149 131+142   1727.33
149 132+115   4223.33
149 140+151   2182.33
150 132   3005.67
150 181   1450.00
150 132+115   3005.67
151 132   1740.33
151 132+115   1740.33
152 59   2121.67
152 88   3651.33
152 131   5961.00
152 132   8457.00
152 133   4687.00
152 134   6329.33
152 136   1151.00
152 137   2650.33
152 138   3941.67
152 139   5159.33
152 140   6416.00
152 181   6901.33
152 182   3387.00
152 59+62   2121.67
152 59+98   2121.67
152 59+191   2121.67
152 88+104   3651.33
152 88+197   3651.33
152 131+142   5961.00
152 132+115   8457.00
152 133+145   4687.00
152 133+163   4687.00
152 136+147   1151.00
152 137+148   2650.33
152 138+149   3941.67
152 138+166   3941.67
152 139+124   5159.33
152 139+150   5159.33
152 140+151   6416.00
152 182+153   3387.00
152 182+155   3387.00
153 112   2087.08
153 113   3551.08
153 114   5015.08
153 115   6047.00
153 116   6479.08
153 117   8975.00
153 118   9407.08
153 142   3068.17
153 188   5060.83
153 190   7582.17
153 142+140   3068.17
154 115   1655.00
154 116   2087.08
154 117   4583.00
154 118   5015.08
154 190   3190.17
155 120   4344.51
155 121   1712.51
155 122   3028.51
155 145   1456.62
155 163   1456.62
155 145+139   1456.62
155 163+159   1456.62
155 163+186   1456.62
156 120   3042.22
156 122   1726.22
157 119   5162.44
157 120   9110.44
157 121   6478.44
157 122   7794.44
157 144   4938.54
157 145   6222.56
157 146   1479.47
157 147   2498.46
157 148   4074.92
157 163   6222.56
157 144+138   4938.54
157 145+139   6222.56
157 146+51   1479.47
157 148+182   4074.92
157 163+159   6222.56
157 163+186   6222.56
158 39    971.38
158 124   1339.31
158 125   4862.21
158 126   5746.10
158 150   1322.40
158 151   2557.31
158 167    946.00
158 192   7074.06
158 194   4642.29
158 151+181   2557.31
158 167+186    946.00
159 125   3644.21
159 126   4528.10
159 151   1339.31
159 192   5856.06
159 194   3424.29
159 151+181   1339.31
160 39   5094.81
160 55   1453.50
160 57   1470.42
160 63   2608.06
160 83   2536.17
160 85   2523.48
160 91   3745.71
160 123   4202.46
160 124   5462.75
160 125   8985.65
160 126   9869.54
160 149   4257.44
160 150   5445.83
160 151   6680.75
160 166   4244.75
160 167   5069.44
160 192  11197.50
160 194   8765.73
160 83+15   2536.17
160 83+99   2536.17
160 83+171   2536.17
160 85+137   2523.48
160 91+104   3745.71
160 151+181   6680.75
160 167+186   5069.44
161 154   3215.65
161 159   1317.81
161 186   1386.17
161 159+124   1317.81
161 159+150   1317.81
162 153   4373.65
162 154   7847.65
162 155   4341.48
162 156   5487.42
162 158   4791.81
162 159   5949.81
162 184   2045.58
162 186   6018.17
162 153+161   4373.65
162 155+144   4341.48
162 156+145   5487.42
162 156+163   5487.42
162 158+123   4791.81
162 158+149   4791.81
162 158+166   4791.81
162 159+124   5949.81
162 159+150   5949.81
162 184+136   2045.58
163 154   2053.62
164 153   5161.73
164 154   8635.73
164 155   5129.56
164 156   6275.50
164 157    935.83
164 158   5579.90
164 159   6737.90
164 160   1659.58
164 184   2833.67
164 186   6806.25
164 153+161   5161.73
164 155+144   5129.56
164 156+145   6275.50
164 156+163   6275.50
164 157+165    935.83
164 158+123   5579.90
164 158+149   5579.90
164 158+166   5579.90
164 159+124   6737.90
164 159+150   6737.90
164 160+152   1659.58
164 184+136   2833.67
165 153   3919.29
165 154   7393.29
165 155   3887.12
165 156   5033.06
165 158   4337.46
165 159   5495.46
165 184   1591.23
165 186   5563.81
165 153+161   3919.29
165 155+144   3887.12
165 156+145   5033.06
165 156+163   5033.06
165 158+123   4337.46
165 158+149   4337.46
165 158+166   4337.46
165 159+124   5495.46
165 159+150   5495.46
165 184+136   1591.23
166 154   2794.46
166 186    964.98
167 154   2010.40
168 153   2823.41
168 154   6297.41
168 155   2791.24
168 156   3937.18
168 158   3241.57
168 159   4399.57
168 186   4467.93
168 153+161   2823.41
168 155+144   2791.24
168 156+145   3937.18
168 156+163   3937.18
168 158+123   3241.57
168 158+149   3241.57
168 158+166   3241.57
168 159+124   4399.57
168 159+150   4399.57
169 175  11310.94
170 10   2820.39
170 13   4664.67
170 16   6088.67
170 26  12353.28
170 31   6736.39
170 34   8160.39
170 177  11720.39
170 178  16002.28
171 26   6444.67
171 34   2251.78
171 177   5811.78
171 178  10093.67
172 176   9779.97
172 179  10321.60
172 199  11804.62
172 176+177   9779.97
173 176   8255.19
173 179   8796.81
173 199  10279.83
173 176+177   8255.19
174 6   3277.44
174 180   8226.57
176 178   4440.72
177 189   1885.12
177 189+190   1885.12
179 189   1541.23
179 189+190   1541.23
181 189   2813.95
181 189+190   2813.95
182 154   3522.25
182 156   1162.02
182 159   1624.42
182 186   1692.77
182 156+145   1162.02
182 156+163   1162.02
182 159+124   1624.42
182 159+150   1624.42
183 153   8219.58
183 154  11693.58
183 155   8187.42
183 156   9333.35
183 157   3993.69
183 158   8637.75
183 159   9795.75
183 160   4717.44
183 184   5891.52
183 186   9864.10
183 153+161   8219.58
183 155+144   8187.42
183 156+145   9333.35
183 156+163   9333.35
183 157+165   3993.69
183 158+123   8637.75
183 158+149   8637.75
183 158+166   8637.75
183 159+124   9795.75
183 159+150   9795.75
183 160+152   4717.44
183 184+136   5891.52
184 59   1113.67
184 88   2643.33
184 131   4953.00
184 132   7449.00
184 133   3679.00
184 134   5321.33
184 137   1642.33
184 138   2933.67
184 139   4151.33
184 140   5408.00
184 181   5893.33
184 182   2379.00
184 59+62   1113.67
184 59+98   1113.67
184 59+191   1113.67
184 88+104   2643.33
184 88+197   2643.33
184 131+142   4953.00
184 132+115   7449.00
184 133+145   3679.00
184 133+163   3679.00
184 137+148   1642.33
184 138+149   2933.67
184 138+166   2933.67
184 139+124   4151.33
184 139+150   4151.33
184 140+151   5408.00
184 182+153   2379.00
184 182+155   2379.00
185 51   1688.50
185 59   2919.17
185 88   4448.83
185 131   6758.50
185 132   9254.50
185 133   5484.50
185 134   7126.83
185 135    986.50
185 136   1948.50
185 137   3447.83
185 138   4739.17
185 139   5956.83
185 140   7213.50
185 141    947.50
185 181   7698.83
185 182   4184.50
185 51+54   1688.50
185 51+56   1688.50
185 51+107   1688.50
185 51+169   1688.50
185 59+62   2919.17
185 59+98   2919.17
185 59+191   2919.17
185 88+104   4448.83
185 88+197   4448.83
185 131+142   6758.50
185 132+115   9254.50
185 133+145   5484.50
185 133+163   5484.50
185 135+146    986.50
185 136+147   1948.50
185 137+148   3447.83
185 138+149   4739.17
185 138+166   4739.17
185 139+124   5956.83
185 139+150   5956.83
185 140+151   7213.50
185 141+168    947.50
185 182+153   4184.50
185 182+155   4184.50
186 108   1151.48
186 187   2226.94
186 189   4463.57
186 187+114   2226.94
186 187+188   2226.94
186 189+190   4463.57
187 115   1304.25
187 116   1736.33
187 117   4232.25
187 118   4664.33
187 190   2839.42
188 189   1793.08
188 189+190   1793.08
189 117   1578.75
189 118   2010.83
191 39   2553.08
191 91   1203.98
191 123   1660.73
191 124   2921.02
191 125   6443.92
191 126   7327.81
191 149   1715.71
191 150   2904.10
191 151   4139.02
191 166   1703.02
191 167   2527.71
191 192   8655.77
191 194   6224.00
191 91+104   1203.98
191 151+181   4139.02
191 167+186   2527.71
193 39   5183.85
193 55   1542.54
193 57   1559.46
193 63   2697.10
193 83   2625.21
193 85   2612.52
193 91   3834.75
193 123   4291.50
193 124   5551.79
193 125   9074.69
193 126   9958.58
193 149   4346.48
193 150   5534.88
193 151   6769.79
193 166   4333.79
193 167   5158.48
193 192  11286.54
193 194   8854.77
193 83+15   2625.21
193 83+99   2625.21
193 83+171   2625.21
193 85+137   2612.52
193 91+104   3834.75
193 151+181   6769.79
193 167+186   5158.48
195 68   7605.65
195 72   9016.65
195 84   3185.90
195 89   4524.27
196 39   6012.54
196 55   2371.23
196 57   2388.15
196 63   3525.79
196 83   3453.90
196 85   3441.21
196 91   4663.44
196 123   5120.19
196 124   6380.48
196 125   9903.38
196 126  10787.27
196 149   5175.17
196 150   6363.56
196 151   7598.48
196 152   1043.27
196 166   5162.48
196 167   5987.17
196 168   1478.88
196 192  12115.23
196 194   9683.46
196 83+15   3453.90
196 83+99   3453.90
196 83+171   3453.90
196 85+137   3441.21
196 91+104   4663.44
196 151+181   7598.48
196 152+135   1043.27
196 152+141   1043.27
196 167+186   5987.17
197 19   1796.15
197 24   3129.71
197 28   7365.71
198 176   6891.94
198 179   7433.56
198 199   8916.58
198 176+177   6891.94
200 3   5277.12
200 14   2168.76
200 17   3580.76
200 19   6135.11
200 24   7468.67
200 28  11704.67
200 30   3311.11
200 33   4723.11
200 201   4649.57
201 108   1994.14
201 187   3069.60
201 189   5306.23
201 187+114   3069.60
201 187+188   3069.60
201 189+190   5306.23
1+2 3  10256.04
1+2 14   7147.68
1+2 17   8559.68
1+2 19  11114.03
1+2 21   1391.82
1+2 24  12447.58
1+2 25   3975.58
1+2 27   5314.04
1+2 28  16683.58
1+2 30   8290.03
1+2 33   9702.03
1+2 198   5421.90
1+2 201   9628.49
1+2 21+22   1391.82
5+6 24   1515.54
5+6 28   5751.54
9+10 3   5314.04
9+10 14   2205.68
9+10 17   3617.68
9+10 19   6172.03
9+10 24   7505.58
9+10 28  11741.58
9+10 30   3348.03
9+10 33   4760.03
9+10 201   4686.49
12+13 3   3485.31
12+13 17   1788.94
12+13 19   4343.29
12+13 24   5676.85
12+13 28   9912.85
12+13 30   1519.29
12+13 33   2931.29
12+13 201   2857.75
15+16 3   2073.31
15+16 19   2931.29
15+16 24   4264.85
15+16 28   8500.85
15+16 33   1519.29
15+16 201   1445.75
20+170 10   2986.22
20+170 13   4830.50
20+170 16   6254.50
20+170 26  12519.11
20+170 31   6902.22
20+170 34   8326.22
20+170 177  11886.22
20+170 178  16168.11
21+22 5   7486.32
21+22 23   8405.50
21+22 5+6   7486.32
50+78 67   5741.88
50+78 79  10090.38
50+78 80   1286.12
50+78 87   2719.38
51+54 39   3899.52
51+54 63   1412.77
51+54 83   1340.88
51+54 85   1328.19
51+54 91   2550.42
51+54 123   3007.17
51+54 124   4267.46
51+54 125   7790.35
51+54 126   8674.25
51+54 149   3062.15
51+54 150   4250.54
51+54 151   5485.46
51+54 166   3049.46
51+54 167   3874.15
51+54 192  10002.21
51+54 194   7570.44
51+54 83+15   1340.88
51+54 83+99   1340.88
51+54 83+171   1340.88
51+54 85+137   1328.19
51+54 91+104   2550.42
51+54 151+181   5485.46
51+54 167+186   3874.15
51+56 39   3874.15
51+56 63   1387.40
51+56 83   1315.50
51+56 85   1302.81
51+56 91   2525.04
51+56 123   2981.79
51+56 124   4242.08
51+56 125   7764.98
51+56 126   8648.88
51+56 149   3036.77
51+56 150   4225.17
51+56 151   5460.08
51+56 166   3024.08
51+56 167   3848.77
51+56 192   9976.83
51+56 194   7545.06
51+56 83+15   1315.50
51+56 83+99   1315.50
51+56 83+171   1315.50
51+56 85+137   1302.81
51+56 91+104   2525.04
51+56 151+181   5460.08
51+56 167+186   3848.77
51+107 39   3938.92
51+107 63   1452.17
51+107 83   1380.27
51+107 85   1367.58
51+107 91   2589.81
51+107 123   3046.56
51+107 124   4306.85
51+107 125   7829.75
51+107 126   8713.65
51+107 149   3101.54
51+107 150   4289.94
51+107 151   5524.85
51+107 166   3088.85
51+107 167   3913.54
51+107 192  10041.60
51+107 194   7609.83
51+107 83+15   1380.27
51+107 83+99   1380.27
51+107 83+171   1380.27
51+107 85+137   1367.58
51+107 91+104   2589.81
51+107 151+181   5524.85
51+107 167+186   3913.54
51+169 175  11410.44
53+80 41   4870.33
53+80 71   5247.33
59+62 39   2703.33
59+62 91   1354.23
59+62 123   1810.98
59+62 124   3071.27
59+62 125   6594.17
59+62 126   7478.06
59+62 149   1865.96
59+62 150   3054.35
59+62 151   4289.27
59+62 166   1853.27
59+62 167   2677.96
59+62 192   8806.02
59+62 194   6374.25
59+62 91+104   1354.23
59+62 151+181   4289.27
59+62 167+186   2677.96
59+98 112   3602.17
59+98 113   5066.17
59+98 114   6530.17
59+98 115   7562.08
59+98 116   7994.17
59+98 117  10490.08
59+98 118  10922.17
59+98 142   4583.25
59+98 161   1675.58
59+98 188   6575.92
59+98 190   9097.25
59+98 142+140   4583.25
59+98 161+158   1675.58
59+191 39   2685.75
59+191 91   1336.65
59+191 123   1793.40
59+191 124   3053.69
59+191 125   6576.58
59+191 126   7460.48
59+191 149   1848.38
59+191 150   3036.77
59+191 151   4271.69
59+191 166   1835.69
59+191 167   2660.38
59+191 192   8788.44
59+191 194   6356.67
59+191 91+104   1336.65
59+191 151+181   4271.69
59+191 167+186   2660.38
74+95 112   7699.83
74+95 113   9163.83
74+95 114  10627.83
74+95 115  11659.75
74+95 116  12091.83
74+95 117  14587.75
74+95 118  15019.83
74+95 142   8680.92
74+95 143   1360.92
74+95 161   5773.25
74+95 188  10673.58
74+95 190  13194.92
74+95 142+140   8680.92
74+95 143+135   1360.92
74+95 143+141   1360.92
74+95 161+158   5773.25
76+97 112   6169.50
76+97 113   7633.50
76+97 114   9097.50
76+97 115  10129.42
76+97 116  10561.50
76+97 117  13057.42
76+97 118  13489.50
76+97 142   7150.58
76+97 161   4242.92
76+97 188   9143.25
76+97 190  11664.58
76+97 142+140   7150.58
76+97 161+158   4242.92
76+106 39   4881.35
76+106 55   1240.04
76+106 57   1256.96
76+106 63   2394.60
76+106 83   2322.71
76+106 85   2310.02
76+106 91   3532.25
76+106 123   3989.00
76+106 124   5249.29
76+106 125   8772.19
76+106 126   9656.08
76+106 149   4043.98
76+106 150   5232.38
76+106 151   6467.29
76+106 166   4031.29
76+106 167   4855.98
76+106 192  10984.04
76+106 194   8552.27
76+106 83+15   2322.71
76+106 83+99   2322.71
76+106 83+171   2322.71
76+106 85+137   2310.02
76+106 91+104   3532.25
76+106 151+181   6467.29
76+106 167+186   4855.98
83+15 26   6589.28
83+15 34   2396.39
83+15 177   5956.39
83+15 178  10238.28
83+99 112   3241.50
83+99 113   4705.50
83+99 114   6169.50
83+99 115   7201.42
83+99 116   7633.50
83+99 117  10129.42
83+99 118  10561.50
83+99 142   4222.58
83+99 161   1314.92
83+99 188   6215.25
83+99 190   8736.58
83+99 142+140   4222.58
83+99 161+158   1314.92
83+171 26   6610.50
83+171 34   2417.61
83+171 177   5977.61
83+171 178  10259.50
85+137 119   1440.86
85+137 120   5388.86
85+137 121   2756.86
85+137 122   4072.86
85+137 144   1216.96
85+137 145   2500.97
85+137 163   2500.97
85+137 144+138   1216.96
85+137 145+139   2500.97
85+137 163+159   2500.97
85+137 163+186   2500.97
88+104 39   1187.96
88+104 124   1555.90
88+104 125   5078.79
88+104 126   5962.69
88+104 150   1538.98
88+104 151   2773.90
88+104 167   1162.58
88+104 192   7290.65
88+104 194   4858.88
88+104 151+181   2773.90
88+104 167+186   1162.58
88+197 19   1862.49
88+197 24   3196.04
88+197 28   7432.04
91+104 39   1187.96
91+104 124   1555.90
91+104 125   5078.79
91+104 126   5962.69
91+104 150   1538.98
91+104 151   2773.90
91+104 167   1162.58
91+104 192   7290.65
91+104 194   4858.88
91+104 151+181   2773.90
91+104 167+186   1162.58
96+143 59   2222.67
96+143 88   3752.33
96+143 131   6062.00
96+143 132   8558.00
96+143 133   4788.00
96+143 134   6430.33
96+143 136   1252.00
96+143 137   2751.33
96+143 138   4042.67
96+143 139   5260.33
96+143 140   6517.00
96+143 181   7002.33
96+143 182   3488.00
96+143 59+62   2222.67
96+143 59+98   2222.67
96+143 59+191   2222.67
96+143 88+104   3752.33
96+143 88+197   3752.33
96+143 131+142   6062.00
96+143 132+115   8558.00
96+143 133+145   4788.00
96+143 133+163   4788.00
96+143 136+147   1252.00
96+143 137+148   2751.33
96+143 138+149   4042.67
96+143 138+166   4042.67
96+143 139+124   5260.33
96+143 139+150   5260.33
96+143 140+151   6517.00
96+143 182+153   3488.00
96+143 182+155   3488.00
104+123 108   2373.42
104+123 187   3448.88
104+123 189   5685.51
104+123 187+114   3448.88
104+123 187+188   3448.88
104+123 189+190   5685.51
104+149 131   1893.17
104+149 132   4389.17
104+149 134   2261.50
104+149 140   2348.17
104+149 181   2833.50
104+149 131+142   1893.17
104+149 132+115   4389.17
104+149 140+151   2348.17
104+166 154   2960.29
104+166 186   1130.81
105+167 154   2143.06
106+168 153   3022.41
106+168 154   6496.41
106+168 155   2990.24
106+168 156   4136.18
106+168 158   3440.57
106+168 159   4598.57
106+168 186   4666.93
106+168 153+161   3022.41
106+168 155+144   2990.24
106+168 156+145   4136.18
106+168 156+163   4136.18
106+168 158+123   3440.57
106+168 158+149   3440.57
106+168 158+166   3440.57
106+168 159+124   4598.57
106+168 159+150   4598.57
131+142 132   2351.17
131+142 132+115   2351.17
132+115 189   1160.84
132+115 189+190   1160.84
133+145 131   1119.00
133+145 132   3615.00
133+145 134   1487.33
133+145 140   1574.00
133+145 181   2059.33
133+145 131+142   1119.00
133+145 132+115   3615.00
133+145 140+151   1574.00
133+163 154   2219.46
135+146 59   1777.67
135+146 88   3307.33
135+146 131   5617.00
135+146 132   8113.00
135+146 133   4343.00
135+146 134   5985.33
135+146 137   2306.33
135+146 138   3597.67
135+146 139   4815.33
135+146 140   6072.00
135+146 181   6557.33
135+146 182   3043.00
135+146 59+62   1777.67
135+146 59+98   1777.67
135+146 59+191   1777.67
135+146 88+104   3307.33
135+146 88+197   3307.33
135+146 131+142   5617.00
135+146 132+115   8113.00
135+146 133+145   4343.00
135+146 133+163   4343.00
135+146 137+148   2306.33
135+146 138+149   3597.67
135+146 138+166   3597.67
135+146 139+124   4815.33
135+146 139+150   4815.33
135+146 140+151   6072.00
135+146 182+153   3043.00
135+146 182+155   3043.00
136+147 88   2341.00
136+147 131   4650.67
136+147 132   7146.67
136+147 133   3376.67
136+147 134   5019.00
136+147 137   1340.00
136+147 138   2631.33
136+147 139   3849.00
136+147 140   5105.67
136+147 181   5591.00
136+147 182   2076.67
136+147 88+104   2341.00
136+147 88+197   2341.00
136+147 131+142   4650.67
136+147 132+115   7146.67
136+147 133+145   3376.67
136+147 133+163   3376.67
136+147 137+148   1340.00
136+147 138+149   2631.33
136+147 138+166   2631.33
136+147 139+124   3849.00
136+147 139+150   3849.00
136+147 140+151   5105.67
136+147 182+153   2076.67
136+147 182+155   2076.67
137+148 131   3155.67
137+148 132   5651.67
137+148 133   1881.67
137+148 134   3524.00
137+148 138   1136.33
137+148 139   2354.00
137+148 140   3610.67
137+148 181   4096.00
137+148 131+142   3155.67
137+148 132+115   5651.67
137+148 133+145   1881.67
137+148 133+163   1881.67
137+148 138+149   1136.33
137+148 138+166   1136.33
137+148 139+124   2354.00
137+148 139+150   2354.00
137+148 140+151   3610.67
138+149 131   1860.00
138+149 132   4356.00
138+149 134   2228.33
138+149 140   2315.00
138+149 181   2800.33
138+149 131+142   1860.00
138+149 132+115   4356.00
138+149 140+151   2315.00
138+166 154   2893.96
138+166 186   1064.48
139+124 108   1096.57
139+124 187   2172.03
139+124 189   4408.66
139+124 187+114   2172.03
139+124 187+188   2172.03
139+124 189+190   4408.66
139+150 132   3138.33
139+150 181   1582.67
139+150 132+115   3138.33
140+151 132   1873.00
140+151 132+115   1873.00
141+168 153   2956.07
141+168 154   6430.07
141+168 155   2923.91
141+168 156   4069.85
141+168 158   3374.24
141+168 159   4532.24
141+168 186   4600.60
141+168 153+161   2956.07
141+168 155+144   2923.91
141+168 156+145   4069.85
141+168 156+163   4069.85
141+168 158+123   3374.24
141+168 158+149   3374.24
141+168 158+166   3374.24
141+168 159+124   4532.24
141+168 159+150   4532.24
142+140 125   2600.50
142+140 126   3484.40
142+140 192   4812.35
142+140 194   2380.58
143+135 119   4003.14
143+135 120   7951.14
143+135 121   5319.14
143+135 122   6635.14
143+135 144   3779.24
143+135 145   5063.25
143+135 147   1339.15
143+135 148   2915.61
143+135 163   5063.25
143+135 144+138   3779.24
143+135 145+139   5063.25
143+135 148+182   2915.61
143+135 163+159   5063.25
143+135 163+186   5063.25
143+141 39   4791.88
143+141 55   1150.56
143+141 57   1167.48
143+141 63   2305.12
143+141 83   2233.23
143+141 85   2220.54
143+141 91   3442.77
143+141 123   3899.52
143+141 124   5159.81
143+141 125   8682.71
143+141 126   9566.60
143+141 149   3954.50
143+141 150   5142.90
143+141 151   6377.81
143+141 166   3941.81
143+141 167   4766.50
143+141 192  10894.56
143+141 194   8462.79
143+141 83+15   2233.23
143+141 83+99   2233.23
143+141 83+171   2233.23
143+141 85+137   2220.54
143+141 91+104   3442.77
143+141 151+181   6377.81
143+141 167+186   4766.50
144+138 39   1124.52
144+138 124   1492.46
144+138 125   5015.35
144+138 126   5899.25
144+138 150   1475.54
144+138 151   2710.46
144+138 167   1099.15
144+138 192   7227.21
144+138 194   4795.44
144+138 151+181   2710.46
144+138 167+186   1099.15
145+139 125   3826.96
145+139 126   4710.85
145+139 151   1522.06
145+139 192   6038.81
145+139 194   3607.04
145+139 151+181   1522.06
146+51 15   2054.12
146+51 60   1754.19
146+51 61   1715.63
146+51 62   1621.37
146+51 64   1625.65
146+51 98   1599.94
146+51 99   1959.86
146+51 104   3223.85
146+51 105   4102.22
146+51 108   5743.27
146+51 171   2006.99
146+51 187   6818.74
146+51 189   9055.36
146+51 191   1672.78
146+51 197   3073.89
146+51 15+16   2054.12
146+51 104+123   3223.85
146+51 104+149   3223.85
146+51 104+166   3223.85
146+51 105+167   4102.22
146+51 171+16   2006.99
146+51 187+114   6818.74
146+51 187+188   6818.74
146+51 189+190   9055.36
148+182 154   3853.92
148+182 156   1493.69
148+182 159   1956.08
148+182 186   2024.44
148+182 156+145   1493.69
148+182 156+163   1493.69
148+182 159+124   1956.08
148+182 159+150   1956.08
151+181 189   2979.78
151+181 189+190   2979.78
152+135 119   4036.31
152+135 120   7984.31
152+135 121   5352.31
152+135 122   6668.31
152+135 144   3812.40
152+135 145   5096.42
152+135 147   1372.32
152+135 148   2948.78
152+135 163   5096.42
152+135 144+138   3812.40
152+135 145+139   5096.42
152+135 148+182   2948.78
152+135 163+159   5096.42
152+135 163+186   5096.42
152+141 39   4825.04
152+141 55   1183.73
152+141 57   1200.65
152+141 63   2338.29
152+141 83   2266.40
152+141 85   2253.71
152+141 91   3475.94
152+141 123   3932.69
152+141 124   5192.98
152+141 125   8715.88
152+141 126   9599.77
152+141 149   3987.67
152+141 150   5176.06
152+141 151   6410.98
152+141 166   3974.98
152+141 167   4799.67
152+141 192  10927.73
152+141 194   8495.96
152+141 83+15   2266.40
152+141 83+99   2266.40
152+141 83+171   2266.40
152+141 85+137   2253.71
152+141 91+104   3475.94
152+141 151+181   6410.98
152+141 167+186   4799.67
153+161 154   3348.31
153+161 159   1450.48
153+161 186   1518.83
153+161 159+124   1450.48
153+161 159+150   1450.48
155+144 131   2336.67
155+144 132   4832.67
155+144 134   2705.00
155+144 139   1535.00
155+144 140   2791.67
155+144 181   3277.00
155+144 131+142   2336.67
155+144 132+115   4832.67
155+144 139+124   1535.00
155+144 139+150   1535.00
155+144 140+151   2791.67
156+145 131   1119.00
156+145 132   3615.00
156+145 134   1487.33
156+145 140   1574.00
156+145 181   2059.33
156+145 131+142   1119.00
156+145 132+115   3615.00
156+145 140+151   1574.00
156+163 154   2219.46
157+165 153   4085.12
157+165 154   7559.12
157+165 155   4052.96
157+165 156   5198.90
157+165 158   4503.29
157+165 159   5661.29
157+165 184   1757.06
157+165 186   5729.65
157+165 153+161   4085.12
157+165 155+144   4052.96
157+165 156+145   5198.90
157+165 156+163   5198.90
157+165 158+123   4503.29
157+165 158+149   4503.29
157+165 158+166   4503.29
157+165 159+124   5661.29
157+165 159+150   5661.29
157+165 184+136   1757.06
158+123 108   2340.25
158+123 187   3415.72
158+123 189   5652.34
158+123 187+114   3415.72
158+123 187+188   3415.72
158+123 189+190   5652.34
158+149 131   1860.00
158+149 132   4356.00
158+149 134   2228.33
158+149 140   2315.00
158+149 181   2800.33
158+149 131+142   1860.00
158+149 132+115   4356.00
158+149 140+151   2315.00
158+166 154   2927.12
158+166 186   1097.65
159+124 108   1096.57
159+124 187   2172.03
159+124 189   4408.66
159+124 187+114   2172.03
159+124 187+188   2172.03
159+124 189+190   4408.66
159+150 132   3105.17
159+150 181   1549.50
159+150 132+115   3105.17
160+152 59   2254.33
160+152 88   3784.00
160+152 131   6093.67
160+152 132   8589.67
160+152 133   4819.67
160+152 134   6462.00
160+152 136   1283.67
160+152 137   2783.00
160+152 138   4074.33
160+152 139   5292.00
160+152 140   6548.67
160+152 181   7034.00
160+152 182   3519.67
160+152 59+62   2254.33
160+152 59+98   2254.33
160+152 59+191   2254.33
160+152 88+104   3784.00
160+152 88+197   3784.00
160+152 131+142   6093.67
160+152 132+115   8589.67
160+152 133+145   4819.67
160+152 133+163   4819.67
160+152 136+147   1283.67
160+152 137+148   2783.00
160+152 138+149   4074.33
160+152 138+166   4074.33
160+152 139+124   5292.00
160+152 139+150   5292.00
160+152 140+151   6548.67
160+152 182+153   3519.67
160+152 182+155   3519.67
161+158 39   1137.21
161+158 124   1505.15
161+158 125   5028.04
161+158 126   5911.94
161+158 150   1488.23
161+158 151   2723.15
161+158 167   1111.83
161+158 192   7239.90
161+158 194   4808.12
161+158 151+181   2723.15
161+158 167+186   1111.83
162+157 119   5295.11
162+157 120   9243.11
162+157 121   6611.11
162+157 122   7927.11
162+157 144   5071.21
162+157 145   6355.22
162+157 146   1612.14
162+157 147   2631.12
162+157 148   4207.58
162+157 163   6355.22
162+157 144+138   5071.21
162+157 145+139   6355.22
162+157 146+51   1612.14
162+157 148+182   4207.58
162+157 163+159   6355.22
162+157 163+186   6355.22
163+159 125   3810.04
163+159 126   4693.94
163+159 151   1505.15
163+159 192   6021.90
163+159 194   3590.12
163+159 151+181   1505.15
163+186 108   1350.48
163+186 187   2425.94
163+186 189   4662.57
163+186 187+114   2425.94
163+186 187+188   2425.94
163+186 189+190   4662.57
167+186 108   1317.31
167+186 187   2392.78
167+186 189   4629.40
167+186 187+114   2392.78
167+186 187+188   2392.78
167+186 189+190   4629.40
170+172 176   9879.47
170+172 179  10421.10
170+172 199  11904.12
170+172 176+177   9879.47
171+16 3   2106.47
171+16 19   2964.46
171+16 24   4298.01
171+16 28   8534.01
171+16 33   1552.46
171+16 201   1478.92
176+177 189   2017.78
176+177 189+190   2017.78
182+153 112   2153.42
182+153 113   3617.42
182+153 114   5081.42
182+153 115   6113.33
182+153 116   6545.42
182+153 117   9041.33
182+153 118   9473.42
182+153 142   3134.50
182+153 188   5127.17
182+153 190   7648.50
182+153 142+140   3134.50
182+155 120   4410.85
182+155 121   1778.85
182+155 122   3094.85
182+155 145   1522.96
182+155 163   1522.96
182+155 145+139   1522.96
182+155 163+159   1522.96
182+155 163+186   1522.96
184+136 119   2955.56
184+136 120   6903.56
184+136 121   4271.56
184+136 122   5587.56
184+136 144   2731.65
184+136 145   4015.67
184+136 148   1868.03
184+136 163   4015.67
184+136 144+138   2731.65
184+136 145+139   4015.67
184+136 148+182   1868.03
184+136 163+159   4015.67
184+136 163+186   4015.67
187+114 189   2063.81
187+114 189+190   2063.81
187+188 189   2025.24
187+188 189+190   2025.24
20 END     66.33
23 END     66.33
24 END    165.83
26 END     66.33
27 END    165.83
28 END    165.83
31 END     66.33
34 END     66.33
51 END     16.58
59 END     16.58
65 END    199.00
67 END    182.42
71 END    149.25
72 END    199.00
74 END     66.33
76 END     16.58
77 END    199.00
79 END    182.42
81 END    149.25
83 END     66.33
86 END    199.00
88 END     16.58
89 END    199.00
91 END     66.33
92 END    199.00
112 END     33.17
113 END     33.17
114 END     33.17
115 END     33.17
116 END     33.17
117 END     33.17
118 END     33.17
119 END     49.75
120 END     49.75
121 END     49.75
122 END     49.75
123 END     66.33
124 END     66.33
125 END     66.33
126 END     66.33
127 END    116.08
128 END    116.08
129 END     82.92
130 END     66.33
175 END     49.75
177 END     66.33
178 END     66.33
179 END     82.92
180 END     82.92
181 END     16.58
186 END     16.58
188 END     33.17
190 END     33.17
192 END     66.33
194 END     66.33
199 END     82.92
201 END    165.83
104+123 END    132.67
132+115 END    132.67
139+124 END    132.67
146+51 END    165.83
151+181 END     99.50
158+123 END    116.08
159+124 END    132.67
163+186 END    116.08
167+186 END     99.50
176+177 END    132.67
187+114 END    149.25
187+188 END    149.25
189+190 END    116.08
;

set FLIGHTS_IN_NODE[START] :=  ;
set FLIGHTS_IN_NODE[1] := 1;
set FLIGHTS_IN_NODE[2] := 2;
set FLIGHTS_IN_NODE[3] := 3;
set FLIGHTS_IN_NODE[4] := 4;
set FLIGHTS_IN_NODE[5] := 5;
set FLIGHTS_IN_NODE[6] := 6;
set FLIGHTS_IN_NODE[7] := 7;
set FLIGHTS_IN_NODE[8] := 8;
set FLIGHTS_IN_NODE[9] := 9;
set FLIGHTS_IN_NODE[10] := 10;
set FLIGHTS_IN_NODE[11] := 11;
set FLIGHTS_IN_NODE[12] := 12;
set FLIGHTS_IN_NODE[13] := 13;
set FLIGHTS_IN_NODE[14] := 14;
set FLIGHTS_IN_NODE[15] := 15;
set FLIGHTS_IN_NODE[16] := 16;
set FLIGHTS_IN_NODE[17] := 17;
set FLIGHTS_IN_NODE[18] := 18;
set FLIGHTS_IN_NODE[19] := 19;
set FLIGHTS_IN_NODE[20] := 20;
set FLIGHTS_IN_NODE[21] := 21;
set FLIGHTS_IN_NODE[22] := 22;
set FLIGHTS_IN_NODE[23] := 23;
set FLIGHTS_IN_NODE[24] := 24;
set FLIGHTS_IN_NODE[25] := 25;
set FLIGHTS_IN_NODE[26] := 26;
set FLIGHTS_IN_NODE[27] := 27;
set FLIGHTS_IN_NODE[28] := 28;
set FLIGHTS_IN_NODE[29] := 29;
set FLIGHTS_IN_NODE[30] := 30;
set FLIGHTS_IN_NODE[31] := 31;
set FLIGHTS_IN_NODE[32] := 32;
set FLIGHTS_IN_NODE[33] := 33;
set FLIGHTS_IN_NODE[34] := 34;
set FLIGHTS_IN_NODE[35] := 35;
set FLIGHTS_IN_NODE[36] := 36;
set FLIGHTS_IN_NODE[37] := 37;
set FLIGHTS_IN_NODE[38] := 38;
set FLIGHTS_IN_NODE[39] := 39;
set FLIGHTS_IN_NODE[40] := 40;
set FLIGHTS_IN_NODE[41] := 41;
set FLIGHTS_IN_NODE[42] := 42;
set FLIGHTS_IN_NODE[43] := 43;
set FLIGHTS_IN_NODE[44] := 44;
set FLIGHTS_IN_NODE[45] := 45;
set FLIGHTS_IN_NODE[46] := 46;
set FLIGHTS_IN_NODE[47] := 47;
set FLIGHTS_IN_NODE[48] := 48;
set FLIGHTS_IN_NODE[49] := 49;
set FLIGHTS_IN_NODE[50] := 50;
set FLIGHTS_IN_NODE[51] := 51;
set FLIGHTS_IN_NODE[52] := 52;
set FLIGHTS_IN_NODE[53] := 53;
set FLIGHTS_IN_NODE[54] := 54;
set FLIGHTS_IN_NODE[55] := 55;
set FLIGHTS_IN_NODE[56] := 56;
set FLIGHTS_IN_NODE[57] := 57;
set FLIGHTS_IN_NODE[58] := 58;
set FLIGHTS_IN_NODE[59] := 59;
set FLIGHTS_IN_NODE[60] := 60;
set FLIGHTS_IN_NODE[61] := 61;
set FLIGHTS_IN_NODE[62] := 62;
set FLIGHTS_IN_NODE[63] := 63;
set FLIGHTS_IN_NODE[64] := 64;
set FLIGHTS_IN_NODE[65] := 65;
set FLIGHTS_IN_NODE[66] := 66;
set FLIGHTS_IN_NODE[67] := 67;
set FLIGHTS_IN_NODE[68] := 68;
set FLIGHTS_IN_NODE[69] := 69;
set FLIGHTS_IN_NODE[70] := 70;
set FLIGHTS_IN_NODE[71] := 71;
set FLIGHTS_IN_NODE[72] := 72;
set FLIGHTS_IN_NODE[73] := 73;
set FLIGHTS_IN_NODE[74] := 74;
set FLIGHTS_IN_NODE[75] := 75;
set FLIGHTS_IN_NODE[76] := 76;
set FLIGHTS_IN_NODE[77] := 77;
set FLIGHTS_IN_NODE[78] := 78;
set FLIGHTS_IN_NODE[79] := 79;
set FLIGHTS_IN_NODE[80] := 80;
set FLIGHTS_IN_NODE[81] := 81;
set FLIGHTS_IN_NODE[82] := 82;
set FLIGHTS_IN_NODE[83] := 83;
set FLIGHTS_IN_NODE[84] := 84;
set FLIGHTS_IN_NODE[85] := 85;
set FLIGHTS_IN_NODE[86] := 86;
set FLIGHTS_IN_NODE[87] := 87;
set FLIGHTS_IN_NODE[88] := 88;
set FLIGHTS_IN_NODE[89] := 89;
set FLIGHTS_IN_NODE[90] := 90;
set FLIGHTS_IN_NODE[91] := 91;
set FLIGHTS_IN_NODE[92] := 92;
set FLIGHTS_IN_NODE[93] := 93;
set FLIGHTS_IN_NODE[94] := 94;
set FLIGHTS_IN_NODE[95] := 95;
set FLIGHTS_IN_NODE[96] := 96;
set FLIGHTS_IN_NODE[97] := 97;
set FLIGHTS_IN_NODE[98] := 98;
set FLIGHTS_IN_NODE[99] := 99;
set FLIGHTS_IN_NODE[100] := 100;
set FLIGHTS_IN_NODE[101] := 101;
set FLIGHTS_IN_NODE[102] := 102;
set FLIGHTS_IN_NODE[103] := 103;
set FLIGHTS_IN_NODE[104] := 104;
set FLIGHTS_IN_NODE[105] := 105;
set FLIGHTS_IN_NODE[106] := 106;
set FLIGHTS_IN_NODE[107] := 107;
set FLIGHTS_IN_NODE[108] := 108;
set FLIGHTS_IN_NODE[109] := 109;
set FLIGHTS_IN_NODE[110] := 110;
set FLIGHTS_IN_NODE[111] := 111;
set FLIGHTS_IN_NODE[112] := 112;
set FLIGHTS_IN_NODE[113] := 113;
set FLIGHTS_IN_NODE[114] := 114;
set FLIGHTS_IN_NODE[115] := 115;
set FLIGHTS_IN_NODE[116] := 116;
set FLIGHTS_IN_NODE[117] := 117;
set FLIGHTS_IN_NODE[118] := 118;
set FLIGHTS_IN_NODE[119] := 119;
set FLIGHTS_IN_NODE[120] := 120;
set FLIGHTS_IN_NODE[121] := 121;
set FLIGHTS_IN_NODE[122] := 122;
set FLIGHTS_IN_NODE[123] := 123;
set FLIGHTS_IN_NODE[124] := 124;
set FLIGHTS_IN_NODE[125] := 125;
set FLIGHTS_IN_NODE[126] := 126;
set FLIGHTS_IN_NODE[127] := 127;
set FLIGHTS_IN_NODE[128] := 128;
set FLIGHTS_IN_NODE[129] := 129;
set FLIGHTS_IN_NODE[130] := 130;
set FLIGHTS_IN_NODE[131] := 131;
set FLIGHTS_IN_NODE[132] := 132;
set FLIGHTS_IN_NODE[133] := 133;
set FLIGHTS_IN_NODE[134] := 134;
set FLIGHTS_IN_NODE[135] := 135;
set FLIGHTS_IN_NODE[136] := 136;
set FLIGHTS_IN_NODE[137] := 137;
set FLIGHTS_IN_NODE[138] := 138;
set FLIGHTS_IN_NODE[139] := 139;
set FLIGHTS_IN_NODE[140] := 140;
set FLIGHTS_IN_NODE[141] := 141;
set FLIGHTS_IN_NODE[142] := 142;
set FLIGHTS_IN_NODE[143] := 143;
set FLIGHTS_IN_NODE[144] := 144;
set FLIGHTS_IN_NODE[145] := 145;
set FLIGHTS_IN_NODE[146] := 146;
set FLIGHTS_IN_NODE[147] := 147;
set FLIGHTS_IN_NODE[148] := 148;
set FLIGHTS_IN_NODE[149] := 149;
set FLIGHTS_IN_NODE[150] := 150;
set FLIGHTS_IN_NODE[151] := 151;
set FLIGHTS_IN_NODE[152] := 152;
set FLIGHTS_IN_NODE[153] := 153;
set FLIGHTS_IN_NODE[154] := 154;
set FLIGHTS_IN_NODE[155] := 155;
set FLIGHTS_IN_NODE[156] := 156;
set FLIGHTS_IN_NODE[157] := 157;
set FLIGHTS_IN_NODE[158] := 158;
set FLIGHTS_IN_NODE[159] := 159;
set FLIGHTS_IN_NODE[160] := 160;
set FLIGHTS_IN_NODE[161] := 161;
set FLIGHTS_IN_NODE[162] := 162;
set FLIGHTS_IN_NODE[163] := 163;
set FLIGHTS_IN_NODE[164] := 164;
set FLIGHTS_IN_NODE[165] := 165;
set FLIGHTS_IN_NODE[166] := 166;
set FLIGHTS_IN_NODE[167] := 167;
set FLIGHTS_IN_NODE[168] := 168;
set FLIGHTS_IN_NODE[169] := 169;
set FLIGHTS_IN_NODE[170] := 170;
set FLIGHTS_IN_NODE[171] := 171;
set FLIGHTS_IN_NODE[172] := 172;
set FLIGHTS_IN_NODE[173] := 173;
set FLIGHTS_IN_NODE[174] := 174;
set FLIGHTS_IN_NODE[175] := 175;
set FLIGHTS_IN_NODE[176] := 176;
set FLIGHTS_IN_NODE[177] := 177;
set FLIGHTS_IN_NODE[178] := 178;
set FLIGHTS_IN_NODE[179] := 179;
set FLIGHTS_IN_NODE[180] := 180;
set FLIGHTS_IN_NODE[181] := 181;
set FLIGHTS_IN_NODE[182] := 182;
set FLIGHTS_IN_NODE[183] := 183;
set FLIGHTS_IN_NODE[184] := 184;
set FLIGHTS_IN_NODE[185] := 185;
set FLIGHTS_IN_NODE[186] := 186;
set FLIGHTS_IN_NODE[187] := 187;
set FLIGHTS_IN_NODE[188] := 188;
set FLIGHTS_IN_NODE[189] := 189;
set FLIGHTS_IN_NODE[190] := 190;
set FLIGHTS_IN_NODE[191] := 191;
set FLIGHTS_IN_NODE[192] := 192;
set FLIGHTS_IN_NODE[193] := 193;
set FLIGHTS_IN_NODE[194] := 194;
set FLIGHTS_IN_NODE[195] := 195;
set FLIGHTS_IN_NODE[196] := 196;
set FLIGHTS_IN_NODE[197] := 197;
set FLIGHTS_IN_NODE[198] := 198;
set FLIGHTS_IN_NODE[199] := 199;
set FLIGHTS_IN_NODE[200] := 200;
set FLIGHTS_IN_NODE[201] := 201;
set FLIGHTS_IN_NODE[1+2] := 1 2;
set FLIGHTS_IN_NODE[5+6] := 5 6;
set FLIGHTS_IN_NODE[9+10] := 9 10;
set FLIGHTS_IN_NODE[12+13] := 12 13;
set FLIGHTS_IN_NODE[15+16] := 15 16;
set FLIGHTS_IN_NODE[20+170] := 20 170;
set FLIGHTS_IN_NODE[21+22] := 21 22;
set FLIGHTS_IN_NODE[50+78] := 50 78;
set FLIGHTS_IN_NODE[51+54] := 51 54;
set FLIGHTS_IN_NODE[51+56] := 51 56;
set FLIGHTS_IN_NODE[51+107] := 51 107;
set FLIGHTS_IN_NODE[51+169] := 51 169;
set FLIGHTS_IN_NODE[53+80] := 53 80;
set FLIGHTS_IN_NODE[59+62] := 59 62;
set FLIGHTS_IN_NODE[59+98] := 59 98;
set FLIGHTS_IN_NODE[59+191] := 59 191;
set FLIGHTS_IN_NODE[74+95] := 74 95;
set FLIGHTS_IN_NODE[76+97] := 76 97;
set FLIGHTS_IN_NODE[76+106] := 76 106;
set FLIGHTS_IN_NODE[83+15] := 83 15;
set FLIGHTS_IN_NODE[83+99] := 83 99;
set FLIGHTS_IN_NODE[83+171] := 83 171;
set FLIGHTS_IN_NODE[85+137] := 85 137;
set FLIGHTS_IN_NODE[88+104] := 88 104;
set FLIGHTS_IN_NODE[88+197] := 88 197;
set FLIGHTS_IN_NODE[91+104] := 91 104;
set FLIGHTS_IN_NODE[96+143] := 96 143;
set FLIGHTS_IN_NODE[104+123] := 104 123;
set FLIGHTS_IN_NODE[104+149] := 104 149;
set FLIGHTS_IN_NODE[104+166] := 104 166;
set FLIGHTS_IN_NODE[105+167] := 105 167;
set FLIGHTS_IN_NODE[106+168] := 106 168;
set FLIGHTS_IN_NODE[131+142] := 131 142;
set FLIGHTS_IN_NODE[132+115] := 132 115;
set FLIGHTS_IN_NODE[133+145] := 133 145;
set FLIGHTS_IN_NODE[133+163] := 133 163;
set FLIGHTS_IN_NODE[135+146] := 135 146;
set FLIGHTS_IN_NODE[136+147] := 136 147;
set FLIGHTS_IN_NODE[137+148] := 137 148;
set FLIGHTS_IN_NODE[138+149] := 138 149;
set FLIGHTS_IN_NODE[138+166] := 138 166;
set FLIGHTS_IN_NODE[139+124] := 139 124;
set FLIGHTS_IN_NODE[139+150] := 139 150;
set FLIGHTS_IN_NODE[140+151] := 140 151;
set FLIGHTS_IN_NODE[141+168] := 141 168;
set FLIGHTS_IN_NODE[142+140] := 142 140;
set FLIGHTS_IN_NODE[143+135] := 143 135;
set FLIGHTS_IN_NODE[143+141] := 143 141;
set FLIGHTS_IN_NODE[144+138] := 144 138;
set FLIGHTS_IN_NODE[145+139] := 145 139;
set FLIGHTS_IN_NODE[146+51] := 146 51;
set FLIGHTS_IN_NODE[148+182] := 148 182;
set FLIGHTS_IN_NODE[151+181] := 151 181;
set FLIGHTS_IN_NODE[152+135] := 152 135;
set FLIGHTS_IN_NODE[152+141] := 152 141;
set FLIGHTS_IN_NODE[153+161] := 153 161;
set FLIGHTS_IN_NODE[155+144] := 155 144;
set FLIGHTS_IN_NODE[156+145] := 156 145;
set FLIGHTS_IN_NODE[156+163] := 156 163;
set FLIGHTS_IN_NODE[157+165] := 157 165;
set FLIGHTS_IN_NODE[158+123] := 158 123;
set FLIGHTS_IN_NODE[158+149] := 158 149;
set FLIGHTS_IN_NODE[158+166] := 158 166;
set FLIGHTS_IN_NODE[159+124] := 159 124;
set FLIGHTS_IN_NODE[159+150] := 159 150;
set FLIGHTS_IN_NODE[160+152] := 160 152;
set FLIGHTS_IN_NODE[161+158] := 161 158;
set FLIGHTS_IN_NODE[162+157] := 162 157;
set FLIGHTS_IN_NODE[163+159] := 163 159;
set FLIGHTS_IN_NODE[163+186] := 163 186;
set FLIGHTS_IN_NODE[167+186] := 167 186;
set FLIGHTS_IN_NODE[170+172] := 170 172;
set FLIGHTS_IN_NODE[171+16] := 171 16;
set FLIGHTS_IN_NODE[176+177] := 176 177;
set FLIGHTS_IN_NODE[182+153] := 182 153;
set FLIGHTS_IN_NODE[182+155] := 182 155;
set FLIGHTS_IN_NODE[184+136] := 184 136;
set FLIGHTS_IN_NODE[187+114] := 187 114;
set FLIGHTS_IN_NODE[187+188] := 187 188;
set FLIGHTS_IN_NODE[189+190] := 189 190;
set FLIGHTS_IN_NODE[END] :=  ;
